238,2054160384
238,2054161432
238,2054162480
238,2054163528
238,2054164576
238,2054165624
238,2054166672
238,2054167720
238,2054168768
238,2054169816
238,2054170864
238,2054171912
238,2054172960
238,2054174008
238,2054175056
238,2054176104
238,2054177152
238,2054178200
238,2054179248
238,2054180296
238,2054181344
238,2054182392
238,2054183440
238,2054184488
238,2054185536
238,2054186584
238,2054187632
238,2054188680
238,2054189728
238,2054190776
238,2054191824
238,2054192872
238,2054193920
238,2054194968
238,2054196016
238,2054197064
238,2054198112
238,2054199160
238,2054200208
238,2054201256
238,2054202304
238,2054203352
238,2054204400
238,2054205448
238,2054206496
238,2054207544
238,2054208592
238,2054209640
238,2054210688
238,2054211736
238,2054212784
238,2054213832
238,2054214880
238,2054215928
238,2054216976
238,2054218024
238,2054219072
238,2054220120
238,2054221168
238,2054222216
238,2054223264
238,2054224312
238,2054225360
238,2054226408
238,2054227456
238,2054228504
238,2054229552
238,2054230600
238,2054231648
238,2054232696
238,2054233744
238,2054234792
238,2054235840
238,2054236888
238,2054237936
238,2054238984
238,2054240032
238,2054241080
238,2054242128
238,2054243176
238,2054244224
238,2054245272
238,2054246320
238,2054247368
238,2054248416
238,2054249464
238,2054250512
238,2054251560
238,2054252608
238,2054253656
238,2054254704
238,2054255752
238,2054256800
238,2054257848
238,2054258896
238,2054259944
238,2054260992
238,2054262040
238,2054263088
238,2054264136
238,2054265184
238,2054266232
238,2054267280
238,2054268328
238,2054269376
238,2054270424
238,2054271472
238,2054272520
238,2054273568
238,2054274616
238,2054275664
238,2054276712
238,2054277760
238,2054278808
238,2054279856
238,2054280904
238,2054281952
238,2054283000
238,2054284048
238,2054285096
238,2054286144
238,2054287192
238,2054288240
238,2054289288
238,2054290336
238,2054291384
238,2054292432
238,2054293480
238,2054294528
238,2054295576
238,2054296624
238,2054297672
238,2054298720
238,2054299768
238,2054300816
238,2054301864
238,2054302912
238,2054303960
238,2054305008
238,2054306056
238,2054307104
238,2054308152
238,2054309200
238,2054310248
238,2054311296
238,2054312344
238,2054313392
238,2054314440
238,2054315488
238,2054316536
238,2054317584
238,2054318632
238,2054319680
238,2054320728
238,2054321776
238,2054322824
238,2054323872
238,2054324920
238,2054325968
238,2054327016
238,2054328064
238,2054329112
238,2054330160
238,2054331208
238,2054332256
238,2054333304
238,2054334352
238,2054335400
238,2054336448
238,2054337496
238,2054338544
238,2054339592
238,2054340640
238,2054341688
238,2054342736
238,2054343784
238,2054344832
238,2054345880
238,2054346928
238,2054347976
238,2054349024
238,2054350072
238,2054351120
238,2054352168
238,2054353216
238,2054354264
238,2054355312
238,2054356360
238,2054357408
238,2054358456
238,2054359504
238,2054360552
238,2054361600
238,2054362648
238,2054363696
238,2054364744
238,2054365792
238,2054366840
238,2054367888
238,2054368936
238,2054369984
238,2054371032
238,2054372080
238,2054373128
238,2054374176
238,2054375224
238,2054376272
238,2054377320
238,2054378368
238,2054379416
238,2054380464
238,2054381512
238,2054382560
238,2054383608
238,2054384656
238,2054385704
238,2054386752
238,2054387800
238,2054388848
238,2054389896
238,2054390944
238,2054391992
238,2054393040
238,2054394088
238,2054395136
238,2054396184
238,2054397232
238,2054398280
238,2054399328
238,2054400376
238,2054401424
238,2054402472
238,2054403520
238,2054404568
238,2054405616
238,2054406664
238,2054407712
238,2054408760
238,2054409808
238,2054410856
238,2054411904
238,2054412952
238,2054414000
238,2054415048
238,2054416096
238,2054417144
238,2054418192
238,2054419240
238,2054420288
238,2054421336
238,2054422384
238,2054423432
238,2054424480
238,2054425528
238,2054426576
238,2054427624
238,2054428672
238,2054429720
238,2054430768
238,2054431816
238,2054432864
238,2054433912
238,2054434960
238,2054436008
238,2054437056
238,2054438104
238,2054439152
238,2054440200
238,2054441248
238,2054442296
238,2054443344
238,2054444392
238,2054445440
238,2054446488
238,2054447536
238,2054448584
238,2054449632
238,2054450680
238,2054451728
238,2054452776
238,2054453824
238,2054454872
238,2054455920
238,2054456968
238,2054458016
238,2054459064
238,2054460112
238,2054461160
238,2054462208
238,2054463256
238,2054464304
238,2054465352
238,2054466400
238,2054467448
238,2054468496
238,2054469544
238,2054470592
238,2054471640
238,2054472688
238,2054473736
238,2054474784
238,2054475832
238,2054476880
238,2054477928
238,2054478976
238,2054480024
238,2054481072
238,2054482120
238,2054483168
238,2054484216
238,2054485264
238,2054486312
238,2054487360
238,2054488408
238,2054489456
238,2054490504
238,2054491552
238,2054492600
238,2054493648
238,2054494696
238,2054495744
238,2054496792
238,2054497840
238,2054498888
238,2054499936
238,2054500984
238,2054502032
238,2054503080
238,2054504128
238,2054505176
238,2054506224
238,2054507272
238,2054508320
238,2054509368
238,2054510416
238,2054511464
238,2054512512
238,2054513560
238,2054514608
238,2054515656
238,2054516704
238,2054517752
238,2054518800
238,2054519848
238,2054520896
238,2054521944
238,2054522992
238,2054524040
238,2054525088
238,2054526136
238,2054527184
238,2054528232
238,2054529280
238,2054530328
238,2054531376
238,2054532424
238,2054533472
238,2054534520
238,2054535568
238,2054536616
238,2054537664
238,2054538712
238,2054539760
238,2054540808
238,2054541856
238,2054542904
238,2054543952
238,2054545000
238,2054546048
238,2054547096
238,2054548144
238,2054549192
238,2054550240
238,2054551288
238,2054552336
238,2054553384
238,2054554432
238,2054555480
238,2054556528
238,2054557576
238,2054558624
238,2054559672
238,2054560720
238,2054561768
238,2054562816
238,2054563864
238,2054564912
238,2054565960
238,2054567008
238,2054568056
238,2054569104
238,2054570152
238,2054571200
238,2054572248
238,2054573296
238,2054574344
238,2054575392
238,2054576440
238,2054577488
238,2054578536
238,2054579584
238,2054580632
238,2054581680
238,2054582728
238,2054583776
238,2054584824
238,2054585872
238,2054586920
238,2054587968
238,2054589016
238,2054590064
238,2054591112
238,2054592160
238,2054593208
238,2054594256
238,2054595304
238,2054596352
238,2054597400
238,2054598448
238,2054599496
238,2054600544
238,2054601592
238,2054602640
238,2054603688
238,2054604736
238,2054605784
238,2054606832
238,2054607880
238,2054608928
238,2054609976
238,2054611024
238,2054612072
238,2054613120
238,2054614168
238,2054615216
238,2054616264
238,2054617312
238,2054618360
238,2054619408
238,2054620456
238,2054621504
238,2054622552
238,2054623600
238,2054624648
238,2054625696
238,2054626744
238,2054627792
238,2054628840
238,2054629888
238,2054630936
238,2054631984
238,2054633032
238,2054634080
238,2054635128
238,2054636176
238,2054637224
238,2054638272
238,2054639320
238,2054640368
238,2054641416
238,2054642464
238,2054643512
238,2054644560
238,2054645608
238,2054646656
238,2054647704
238,2054648752
238,2054649800
238,2054650848
238,2054651896
238,2054652944
238,2054653992
238,2054655040
238,2054656088
238,2054657136
238,2054658184
238,2054659232
238,2054660280
238,2054661328
238,2054662376
238,2054663424
238,2054664472
238,2054665520
238,2054666568
238,2054667616
238,2054668664
238,2054669712
238,2054670760
238,2054671808
238,2054672856
238,2054673904
238,2054674952
238,2054676000
238,2054677048
238,2054678096
238,2054679144
238,2054680192
238,2054681240
238,2054682288
238,2054683336
238,2054684384
238,2054685432
238,2054686480
238,2054687528
238,2054688576
238,2054689624
238,2054690672
238,2054691720
238,2054692768
238,2054693816
238,2054694864
238,2054695912
238,2054696960
238,2054698008
238,2054699056
238,2054700104
238,2054701152
238,2054702200
238,2054703248
238,2054704296
238,2054705344
238,2054706392
238,2054707440
238,2054708488
238,2054709536
238,2054710584
238,2054711632
238,2054712680
238,2054713728
238,2054714776
238,2054715824
238,2054716872
238,2054717920
238,2054718968
238,2054720016
238,2054721064
238,2054722112
238,2054723160
238,2054724208
238,2054725256
238,2054726304
238,2054727352
238,2054728400
238,2054729448
238,2054730496
238,2054731544
238,2054732592
238,2054733640
238,2054734688
238,2054735736
238,2054736784
238,2054737832
238,2054738880
238,2054739928
238,2054740976
238,2054742024
238,2054743072
238,2054744120
238,2054745168
238,2054746216
238,2054747264
238,2054748312
238,2054749360
238,2054750408
238,2054751456
238,2054752504
238,2054753552
238,2054754600
238,2054755648
238,2054756696
238,2054757744
238,2054758792
238,2054759840
238,2054760888
238,2054761936
238,2054762984
238,2054764032
238,2054765080
238,2054766128
238,2054767176
238,2054768224
238,2054769272
238,2054770320
238,2054771368
238,2054772416
238,2054773464
238,2054774512
238,2054775560
238,2054776608
238,2054777656
238,2054778704
238,2054779752
238,2054780800
238,2054781848
238,2054782896
238,2054783944
238,2054784992
238,2054786040
238,2054787088
238,2054788136
238,2054789184
238,2054790232
238,2054791280
238,2054792328
238,2054793376
238,2054794424
238,2054795472
238,2054796520
238,2054797568
238,2054798616
238,2054799664
238,2054800712
238,2054801760
238,2054802808
238,2054803856
238,2054804904
238,2054805952
238,2054807000
238,2054808048
238,2054809096
238,2054810144
238,2054811192
238,2054812240
238,2054813288
238,2054814336
238,2054815384
238,2054816432
238,2054817480
238,2054818528
238,2054819576
238,2054820624
238,2054821672
238,2054822720
238,2054823768
238,2054824816
238,2054825864
238,2054826912
238,2054827960
238,2054829008
238,2054830056
238,2054831104
238,2054832152
238,2054833200
238,2054834248
238,2054835296
238,2054836344
238,2054837392
238,2054838440
238,2054839488
238,2054840536
238,2054841584
238,2054842632
238,2054843680
238,2054844728
238,2054845776
238,2054846824
238,2054847872
209,2054848920
209,2054849968
209,2054851016
209,2054852064
209,2054853112
209,2054854160
209,2054855208
209,2054856256
209,2054857304
209,2054858352
209,2054859400
209,2054860448
209,2054861496
209,2054862544
209,2054863592
209,2054864640
209,2054865688
209,2054866736
209,2054867784
209,2054868832
209,2054869880
209,2054870928
209,2054871976
209,2054873024
209,2054874072
209,2054875120
209,2054876168
209,2054877216
209,2054878264
209,2054879312
209,2054880360
209,2054881408
209,2054882456
209,2054883504
209,2054884552
209,2054885600
209,2054886648
209,2054887696
209,2054888744
209,2054889792
209,2054890840
209,2054891888
209,2054892936
209,2054893984
209,2054895032
209,2054896080
209,2054897128
209,2054898176
209,2054899224
209,2054900272
209,2054901320
209,2054902368
209,2054903416
209,2054904464
209,2054905512
209,2054906560
209,2054907608
209,2054908656
209,2054909704
209,2054910752
209,2054911800
209,2054912848
209,2054913896
209,2054914944
209,2054915992
209,2054917040
209,2054918088
209,2054919136
209,2054920184
209,2054921232
209,2054922280
209,2054923328
209,2054924376
209,2054925424
209,2054926472
209,2054927520
209,2054928568
209,2054929616
209,2054930664
209,2054931712
209,2054932760
209,2054933808
209,2054934856
209,2054935904
209,2054936952
209,2054938000
209,2054939048
209,2054940096
209,2054941144
209,2054942192
209,2054943240
209,2054944288
209,2054945336
209,2054946384
209,2054947432
209,2054948480
209,2054949528
209,2054950576
209,2054951624
209,2054952672
209,2054953720
209,2054954768
209,2054955816
209,2054956864
209,2054957912
209,2054958960
209,2054960008
209,2054961056
209,2054962104
209,2054963152
209,2054964200
209,2054965248
209,2054966296
209,2054967344
209,2054968392
209,2054969440
209,2054970488
209,2054971536
209,2054972584
209,2054973632
209,2054974680
209,2054975728
209,2054976776
209,2054977824
209,2054978872
209,2054979920
209,2054980968
209,2054982016
209,2054983064
209,2054984112
209,2054985160
209,2054986208
209,2054987256
209,2054988304
209,2054989352
209,2054990400
209,2054991448
209,2054992496
209,2054993544
209,2054994592
209,2054995640
209,2054996688
209,2054997736
209,2054998784
209,2054999832
209,2055000880
209,2055001928
209,2055002976
209,2055004024
209,2055005072
209,2055006120
209,2055007168
209,2055008216
209,2055009264
209,2055010312
209,2055011360
209,2055012408
209,2055013456
209,2055014504
209,2055015552
209,2055016600
209,2055017648
209,2055018696
209,2055019744
209,2055020792
209,2055021840
209,2055022888
209,2055023936
209,2055024984
209,2055026032
209,2055027080
209,2055028128
209,2055029176
209,2055030224
209,2055031272
209,2055032320
209,2055033368
209,2055034416
209,2055035464
209,2055036512
209,2055037560
209,2055038608
209,2055039656
209,2055040704
209,2055041752
209,2055042800
209,2055043848
209,2055044896
209,2055045944
209,2055046992
209,2055048040
209,2055049088
209,2055050136
209,2055051184
209,2055052232
209,2055053280
209,2055054328
209,2055055376
209,2055056424
209,2055057472
209,2055058520
209,2055059568
209,2055060616
209,2055061664
209,2055062712
209,2055063760
209,2055064808
209,2055065856
209,2055066904
209,2055067952
209,2055069000
209,2055070048
209,2055071096
209,2055072144
209,2055073192
209,2055074240
209,2055075288
209,2055076336
209,2055077384
209,2055078432
209,2055079480
209,2055080528
209,2055081576
209,2055082624
209,2055083672
209,2055084720
209,2055085768
209,2055086816
209,2055087864
209,2055088912
209,2055089960
209,2055091008
209,2055092056
209,2055093104
209,2055094152
209,2055095200
209,2055096248
209,2055097296
209,2055098344
209,2055099392
209,2055100440
209,2055101488
209,2055102536
209,2055103584
209,2055104632
209,2055105680
209,2055106728
209,2055107776
209,2055108824
209,2055109872
209,2055110920
209,2055111968
209,2055113016
209,2055114064
209,2055115112
209,2055116160
209,2055117208
209,2055118256
209,2055119304
209,2055120352
209,2055121400
209,2055122448
209,2055123496
209,2055124544
209,2055125592
209,2055126640
209,2055127688
209,2055128736
209,2055129784
209,2055130832
209,2055131880
209,2055132928
209,2055133976
209,2055135024
209,2055136072
209,2055137120
209,2055138168
209,2055139216
209,2055140264
209,2055141312
209,2055142360
209,2055143408
209,2055144456
209,2055145504
209,2055146552
209,2055147600
209,2055148648
209,2055149696
209,2055150744
209,2055151792
209,2055152840
209,2055153888
209,2055154936
209,2055155984
209,2055157032
209,2055158080
209,2055159128
209,2055160176
209,2055161224
209,2055162272
209,2055163320
209,2055164368
209,2055165416
209,2055166464
209,2055167512
209,2055168560
209,2055169608
209,2055170656
209,2055171704
209,2055172752
209,2055173800
209,2055174848
209,2055175896
209,2055176944
209,2055177992
209,2055179040
209,2055180088
209,2055181136
209,2055182184
209,2055183232
209,2055184280
209,2055185328
209,2055186376
209,2055187424
209,2055188472
209,2055189520
209,2055190568
209,2055191616
209,2055192664
209,2055193712
209,2055194760
209,2055195808
209,2055196856
209,2055197904
209,2055198952
209,2055200000
209,2055201048
209,2055202096
209,2055203144
209,2055204192
209,2055205240
209,2055206288
209,2055207336
209,2055208384
