187,2052063232
187,2052064280
187,2052065328
187,2052066376
187,2052067424
187,2052068472
187,2052069520
187,2052070568
187,2052071616
187,2052072664
187,2052073712
187,2052074760
187,2052075808
187,2052076856
187,2052077904
187,2052078952
187,2052080000
187,2052081048
187,2052082096
187,2052083144
187,2052084192
187,2052085240
187,2052086288
187,2052087336
187,2052088384
187,2052089432
187,2052090480
187,2052091528
187,2052092576
187,2052093624
187,2052094672
187,2052095720
187,2052096768
187,2052097816
187,2052098864
187,2052099912
187,2052100960
187,2052102008
187,2052103056
187,2052104104
187,2052105152
187,2052106200
187,2052107248
187,2052108296
187,2052109344
187,2052110392
187,2052111440
187,2052112488
187,2052113536
187,2052114584
187,2052115632
187,2052116680
187,2052117728
187,2052118776
187,2052119824
187,2052120872
187,2052121920
187,2052122968
187,2052124016
187,2052125064
187,2052126112
187,2052127160
187,2052128208
187,2052129256
187,2052130304
187,2052131352
187,2052132400
187,2052133448
187,2052134496
187,2052135544
187,2052136592
187,2052137640
187,2052138688
187,2052139736
187,2052140784
187,2052141832
187,2052142880
187,2052143928
187,2052144976
187,2052146024
187,2052147072
187,2052148120
187,2052149168
187,2052150216
187,2052151264
187,2052152312
187,2052153360
187,2052154408
187,2052155456
187,2052156504
187,2052157552
187,2052158600
187,2052159648
187,2052160696
187,2052161744
187,2052162792
187,2052163840
187,2052164888
187,2052165936
187,2052166984
187,2052168032
187,2052169080
187,2052170128
187,2052171176
187,2052172224
187,2052173272
187,2052174320
187,2052175368
187,2052176416
187,2052177464
187,2052178512
187,2052179560
187,2052180608
187,2052181656
187,2052182704
187,2052183752
187,2052184800
187,2052185848
187,2052186896
187,2052187944
186,2052188992
186,2052190040
186,2052191088
186,2052192136
186,2052193184
186,2052194232
186,2052195280
186,2052196328
186,2052197376
186,2052198424
186,2052199472
186,2052200520
186,2052201568
186,2052202616
186,2052203664
186,2052204712
186,2052205760
186,2052206808
186,2052207856
186,2052208904
186,2052209952
186,2052211000
186,2052212048
186,2052213096
186,2052214144
186,2052215192
186,2052216240
186,2052217288
186,2052218336
186,2052219384
186,2052220432
186,2052221480
186,2052222528
186,2052223576
186,2052224624
186,2052225672
186,2052226720
186,2052227768
186,2052228816
186,2052229864
186,2052230912
186,2052231960
186,2052233008
186,2052234056
186,2052235104
186,2052236152
186,2052237200
186,2052238248
186,2052239296
186,2052240344
186,2052241392
186,2052242440
186,2052243488
186,2052244536
186,2052245584
186,2052246632
186,2052247680
186,2052248728
186,2052249776
186,2052250824
186,2052251872
186,2052252920
186,2052253968
186,2052255016
186,2052256064
186,2052257112
186,2052258160
186,2052259208
186,2052260256
186,2052261304
186,2052262352
186,2052263400
186,2052264448
186,2052265496
186,2052266544
186,2052267592
186,2052268640
186,2052269688
186,2052270736
186,2052271784
186,2052272832
186,2052273880
186,2052274928
186,2052275976
186,2052277024
186,2052278072
186,2052279120
186,2052280168
186,2052281216
186,2052282264
186,2052283312
186,2052284360
186,2052285408
186,2052286456
186,2052287504
186,2052288552
186,2052289600
186,2052290648
186,2052291696
186,2052292744
186,2052293792
186,2052294840
186,2052295888
186,2052296936
186,2052297984
186,2052299032
186,2052300080
186,2052301128
186,2052302176
186,2052303224
186,2052304272
186,2052305320
186,2052306368
186,2052307416
186,2052308464
186,2052309512
186,2052310560
186,2052311608
186,2052312656
186,2052313704
186,2052314752
186,2052315800
186,2052316848
186,2052317896
186,2052318944
186,2052319992
186,2052321040
186,2052322088
186,2052323136
186,2052324184
186,2052325232
186,2052326280
186,2052327328
186,2052328376
186,2052329424
186,2052330472
186,2052331520
186,2052332568
186,2052333616
186,2052334664
186,2052335712
186,2052336760
186,2052337808
186,2052338856
186,2052339904
186,2052340952
186,2052342000
186,2052343048
186,2052344096
186,2052345144
186,2052346192
186,2052347240
186,2052348288
186,2052349336
186,2052350384
186,2052351432
186,2052352480
186,2052353528
186,2052354576
186,2052355624
186,2052356672
186,2052357720
186,2052358768
186,2052359816
186,2052360864
186,2052361912
186,2052362960
186,2052364008
186,2052365056
186,2052366104
186,2052367152
186,2052368200
186,2052369248
186,2052370296
186,2052371344
186,2052372392
186,2052373440
186,2052374488
186,2052375536
186,2052376584
186,2052377632
186,2052378680
186,2052379728
186,2052380776
186,2052381824
186,2052382872
186,2052383920
186,2052384968
186,2052386016
186,2052387064
186,2052388112
186,2052389160
186,2052390208
186,2052391256
186,2052392304
186,2052393352
186,2052394400
186,2052395448
186,2052396496
186,2052397544
186,2052398592
186,2052399640
186,2052400688
186,2052401736
186,2052402784
186,2052403832
186,2052404880
186,2052405928
186,2052406976
186,2052408024
186,2052409072
186,2052410120
186,2052411168
186,2052412216
186,2052413264
186,2052414312
186,2052415360
186,2052416408
186,2052417456
186,2052418504
186,2052419552
186,2052420600
186,2052421648
186,2052422696
186,2052423744
186,2052424792
186,2052425840
186,2052426888
186,2052427936
186,2052428984
186,2052430032
186,2052431080
186,2052432128
186,2052433176
186,2052434224
186,2052435272
186,2052436320
186,2052437368
186,2052438416
186,2052439464
186,2052440512
186,2052441560
186,2052442608
186,2052443656
186,2052444704
186,2052445752
186,2052446800
186,2052447848
186,2052448896
186,2052449944
186,2052450992
186,2052452040
186,2052453088
186,2052454136
186,2052455184
186,2052456232
186,2052457280
186,2052458328
186,2052459376
186,2052460424
186,2052461472
186,2052462520
186,2052463568
186,2052464616
186,2052465664
186,2052466712
186,2052467760
186,2052468808
186,2052469856
186,2052470904
186,2052471952
186,2052473000
186,2052474048
186,2052475096
186,2052476144
186,2052477192
186,2052478240
186,2052479288
186,2052480336
186,2052481384
186,2052482432
186,2052483480
186,2052484528
186,2052485576
186,2052486624
186,2052487672
186,2052488720
186,2052489768
186,2052490816
186,2052491864
186,2052492912
186,2052493960
186,2052495008
186,2052496056
186,2052497104
186,2052498152
186,2052499200
186,2052500248
186,2052501296
186,2052502344
186,2052503392
186,2052504440
186,2052505488
186,2052506536
186,2052507584
186,2052508632
186,2052509680
186,2052510728
186,2052511776
186,2052512824
186,2052513872
186,2052514920
186,2052515968
186,2052517016
186,2052518064
186,2052519112
186,2052520160
186,2052521208
186,2052522256
186,2052523304
186,2052524352
186,2052525400
186,2052526448
186,2052527496
186,2052528544
186,2052529592
186,2052530640
186,2052531688
186,2052532736
186,2052533784
186,2052534832
186,2052535880
186,2052536928
186,2052537976
186,2052539024
186,2052540072
186,2052541120
186,2052542168
186,2052543216
186,2052544264
186,2052545312
186,2052546360
186,2052547408
186,2052548456
186,2052549504
186,2052550552
186,2052551600
186,2052552648
186,2052553696
186,2052554744
186,2052555792
186,2052556840
186,2052557888
186,2052558936
186,2052559984
186,2052561032
186,2052562080
186,2052563128
186,2052564176
186,2052565224
186,2052566272
186,2052567320
186,2052568368
186,2052569416
186,2052570464
186,2052571512
186,2052572560
186,2052573608
186,2052574656
186,2052575704
186,2052576752
186,2052577800
186,2052578848
186,2052579896
186,2052580944
186,2052581992
186,2052583040
186,2052584088
186,2052585136
186,2052586184
186,2052587232
186,2052588280
186,2052589328
186,2052590376
186,2052591424
186,2052592472
186,2052593520
181,2052594568
181,2052595616
181,2052596664
181,2052597712
181,2052598760
181,2052599808
181,2052600856
181,2052601904
181,2052602952
181,2052604000
181,2052605048
181,2052606096
181,2052607144
181,2052608192
181,2052609240
181,2052610288
181,2052611336
181,2052612384
181,2052613432
181,2052614480
181,2052615528
181,2052616576
181,2052617624
181,2052618672
181,2052619720
181,2052620768
181,2052621816
181,2052622864
181,2052623912
181,2052624960
181,2052626008
181,2052627056
181,2052628104
181,2052629152
181,2052630200
181,2052631248
181,2052632296
181,2052633344
181,2052634392
181,2052635440
181,2052636488
181,2052637536
181,2052638584
181,2052639632
181,2052640680
181,2052641728
181,2052642776
181,2052643824
181,2052644872
181,2052645920
181,2052646968
181,2052648016
181,2052649064
181,2052650112
181,2052651160
181,2052652208
181,2052653256
181,2052654304
181,2052655352
181,2052656400
181,2052657448
181,2052658496
181,2052659544
181,2052660592
181,2052661640
181,2052662688
181,2052663736
181,2052664784
181,2052665832
181,2052666880
181,2052667928
181,2052668976
181,2052670024
181,2052671072
181,2052672120
181,2052673168
181,2052674216
181,2052675264
181,2052676312
181,2052677360
181,2052678408
181,2052679456
181,2052680504
181,2052681552
181,2052682600
181,2052683648
181,2052684696
181,2052685744
181,2052686792
181,2052687840
181,2052688888
181,2052689936
181,2052690984
181,2052692032
181,2052693080
181,2052694128
181,2052695176
181,2052696224
181,2052697272
181,2052698320
181,2052699368
181,2052700416
181,2052701464
181,2052702512
181,2052703560
181,2052704608
181,2052705656
181,2052706704
181,2052707752
181,2052708800
181,2052709848
181,2052710896
181,2052711944
181,2052712992
181,2052714040
181,2052715088
181,2052716136
181,2052717184
181,2052718232
181,2052719280
181,2052720328
181,2052721376
181,2052722424
181,2052723472
181,2052724520
181,2052725568
181,2052726616
181,2052727664
181,2052728712
181,2052729760
181,2052730808
181,2052731856
181,2052732904
181,2052733952
181,2052735000
181,2052736048
181,2052737096
181,2052738144
181,2052739192
181,2052740240
181,2052741288
181,2052742336
181,2052743384
181,2052744432
181,2052745480
181,2052746528
181,2052747576
181,2052748624
181,2052749672
181,2052750720
181,2052751768
181,2052752816
181,2052753864
181,2052754912
181,2052755960
181,2052757008
181,2052758056
181,2052759104
181,2052760152
181,2052761200
181,2052762248
181,2052763296
181,2052764344
181,2052765392
181,2052766440
181,2052767488
181,2052768536
181,2052769584
181,2052770632
181,2052771680
181,2052772728
181,2052773776
181,2052774824
181,2052775872
181,2052776920
181,2052777968
181,2052779016
181,2052780064
181,2052781112
181,2052782160
181,2052783208
181,2052784256
181,2052785304
181,2052786352
181,2052787400
181,2052788448
181,2052789496
181,2052790544
181,2052791592
181,2052792640
181,2052793688
181,2052794736
181,2052795784
181,2052796832
181,2052797880
181,2052798928
181,2052799976
181,2052801024
181,2052802072
181,2052803120
181,2052804168
181,2052805216
181,2052806264
181,2052807312
181,2052808360
181,2052809408
181,2052810456
181,2052811504
181,2052812552
181,2052813600
181,2052814648
181,2052815696
181,2052816744
181,2052817792
181,2052818840
181,2052819888
181,2052820936
181,2052821984
181,2052823032
181,2052824080
181,2052825128
181,2052826176
181,2052827224
181,2052828272
181,2052829320
181,2052830368
181,2052831416
181,2052832464
181,2052833512
181,2052834560
181,2052835608
181,2052836656
181,2052837704
181,2052838752
181,2052839800
181,2052840848
181,2052841896
181,2052842944
181,2052843992
181,2052845040
181,2052846088
181,2052847136
181,2052848184
181,2052849232
181,2052850280
181,2052851328
181,2052852376
181,2052853424
181,2052854472
181,2052855520
181,2052856568
181,2052857616
181,2052858664
181,2052859712
181,2052860760
181,2052861808
181,2052862856
181,2052863904
181,2052864952
181,2052866000
181,2052867048
181,2052868096
181,2052869144
181,2052870192
181,2052871240
181,2052872288
181,2052873336
181,2052874384
181,2052875432
181,2052876480
181,2052877528
181,2052878576
181,2052879624
181,2052880672
181,2052881720
181,2052882768
181,2052883816
181,2052884864
181,2052885912
181,2052886960
181,2052888008
181,2052889056
181,2052890104
181,2052891152
181,2052892200
181,2052893248
181,2052894296
181,2052895344
181,2052896392
181,2052897440
181,2052898488
181,2052899536
181,2052900584
181,2052901632
181,2052902680
181,2052903728
181,2052904776
181,2052905824
181,2052906872
181,2052907920
181,2052908968
181,2052910016
181,2052911064
181,2052912112
181,2052913160
181,2052914208
181,2052915256
181,2052916304
181,2052917352
181,2052918400
181,2052919448
181,2052920496
181,2052921544
181,2052922592
181,2052923640
181,2052924688
181,2052925736
181,2052926784
181,2052927832
181,2052928880
181,2052929928
181,2052930976
181,2052932024
181,2052933072
181,2052934120
181,2052935168
181,2052936216
181,2052937264
181,2052938312
181,2052939360
181,2052940408
181,2052941456
181,2052942504
181,2052943552
181,2052944600
181,2052945648
181,2052946696
181,2052947744
181,2052948792
181,2052949840
181,2052950888
181,2052951936
181,2052952984
181,2052954032
181,2052955080
181,2052956128
181,2052957176
181,2052958224
181,2052959272
181,2052960320
181,2052961368
181,2052962416
181,2052963464
181,2052964512
181,2052965560
181,2052966608
181,2052967656
181,2052968704
181,2052969752
181,2052970800
181,2052971848
181,2052972896
181,2052973944
181,2052974992
181,2052976040
181,2052977088
181,2052978136
181,2052979184
181,2052980232
181,2052981280
181,2052982328
181,2052983376
181,2052984424
181,2052985472
181,2052986520
181,2052987568
181,2052988616
181,2052989664
181,2052990712
181,2052991760
181,2052992808
181,2052993856
181,2052994904
181,2052995952
181,2052997000
181,2052998048
181,2052999096
181,2053000144
181,2053001192
181,2053002240
181,2053003288
181,2053004336
181,2053005384
181,2053006432
181,2053007480
181,2053008528
181,2053009576
181,2053010624
181,2053011672
181,2053012720
181,2053013768
181,2053014816
181,2053015864
181,2053016912
181,2053017960
181,2053019008
181,2053020056
181,2053021104
181,2053022152
181,2053023200
181,2053024248
181,2053025296
181,2053026344
181,2053027392
181,2053028440
181,2053029488
181,2053030536
181,2053031584
181,2053032632
181,2053033680
181,2053034728
181,2053035776
181,2053036824
181,2053037872
181,2053038920
181,2053039968
181,2053041016
181,2053042064
181,2053043112
181,2053044160
181,2053045208
181,2053046256
181,2053047304
181,2053048352
181,2053049400
181,2053050448
181,2053051496
181,2053052544
181,2053053592
181,2053054640
181,2053055688
181,2053056736
181,2053057784
181,2053058832
181,2053059880
181,2053060928
181,2053061976
181,2053063024
181,2053064072
181,2053065120
181,2053066168
181,2053067216
181,2053068264
181,2053069312
181,2053070360
181,2053071408
181,2053072456
181,2053073504
181,2053074552
181,2053075600
181,2053076648
181,2053077696
181,2053078744
181,2053079792
181,2053080840
181,2053081888
181,2053082936
181,2053083984
181,2053085032
181,2053086080
181,2053087128
181,2053088176
181,2053089224
181,2053090272
181,2053091320
181,2053092368
181,2053093416
181,2053094464
181,2053095512
181,2053096560
181,2053097608
181,2053098656
181,2053099704
181,2053100752
181,2053101800
181,2053102848
181,2053103896
181,2053104944
181,2053105992
181,2053107040
181,2053108088
181,2053109136
181,2053110184
181,2053111232
181,2052325376
181,2052326424
181,2052327472
181,2052328520
181,2052329568
181,2052330616
181,2052331664
181,2052332712
181,2052333760
181,2052334808
181,2052335856
181,2052336904
181,2052337952
181,2052339000
181,2052340048
181,2052341096
181,2052342144
181,2052343192
181,2052344240
181,2052345288
181,2052346336
181,2052347384
181,2052348432
181,2052349480
181,2052350528
181,2052351576
181,2052352624
181,2052353672
181,2052354720
181,2052355768
181,2052356816
181,2052357864
181,2052358912
181,2052359960
181,2052361008
181,2052362056
181,2052363104
181,2052364152
181,2052365200
181,2052366248
181,2052367296
181,2052368344
181,2052369392
181,2052370440
181,2052371488
181,2052372536
181,2052373584
181,2052374632
181,2052375680
181,2052376728
181,2052377776
181,2052378824
181,2052379872
181,2052380920
181,2052381968
181,2052383016
181,2052384064
181,2052385112
181,2052386160
181,2052387208
181,2052388256
181,2052389304
181,2052390352
181,2052391400
181,2052392448
181,2052393496
181,2052394544
181,2052395592
181,2052396640
181,2052397688
181,2052398736
181,2052399784
181,2052400832
181,2052401880
181,2052402928
181,2052403976
181,2052405024
181,2052406072
181,2052407120
181,2052408168
181,2052409216
181,2052410264
181,2052411312
181,2052412360
181,2052413408
181,2052414456
181,2052415504
181,2052416552
181,2052417600
181,2052418648
181,2052419696
181,2052420744
181,2052421792
181,2052422840
181,2052423888
181,2052424936
181,2052425984
181,2052427032
181,2052428080
181,2052429128
181,2052430176
181,2052431224
181,2052432272
181,2052433320
181,2052434368
181,2052435416
181,2052436464
181,2052437512
181,2052438560
181,2052439608
181,2052440656
181,2052441704
181,2052442752
181,2052443800
181,2052444848
181,2052445896
181,2052446944
181,2052447992
181,2052449040
181,2052450088
181,2052451136
181,2052452184
181,2052453232
181,2052454280
181,2052455328
181,2052456376
181,2052457424
181,2052458472
181,2052459520
181,2052460568
181,2052461616
181,2052462664
181,2052463712
181,2052464760
181,2052465808
181,2052466856
181,2052467904
181,2052468952
181,2052470000
181,2052471048
181,2052472096
181,2052473144
181,2052474192
181,2052475240
181,2052476288
181,2052477336
181,2052478384
181,2052479432
181,2052480480
181,2052481528
181,2052482576
181,2052483624
181,2052484672
181,2052485720
181,2052486768
181,2052487816
181,2052488864
181,2052489912
181,2052490960
181,2052492008
181,2052493056
181,2052494104
179,2052495152
179,2052496200
179,2052497248
179,2052498296
179,2052499344
179,2052500392
179,2052501440
179,2052502488
179,2052503536
179,2052504584
179,2052505632
179,2052506680
179,2052507728
179,2052508776
179,2052509824
179,2052510872
179,2052511920
179,2052512968
179,2052514016
179,2052515064
179,2052516112
179,2052517160
179,2052518208
179,2052519256
179,2052520304
179,2052521352
179,2052522400
179,2052523448
179,2052524496
179,2052525544
179,2052526592
179,2052527640
179,2052528688
179,2052529736
179,2052530784
179,2052531832
177,2052532880
177,2052533928
177,2052534976
177,2052536024
177,2052537072
177,2052538120
177,2052539168
177,2052540216
177,2052541264
177,2052542312
177,2052543360
177,2052544408
177,2052545456
177,2052546504
177,2052547552
177,2052548600
177,2052549648
177,2052550696
177,2052551744
177,2052552792
177,2052553840
177,2052554888
177,2052555936
177,2052556984
177,2052558032
177,2052559080
177,2052560128
173,2052561176
173,2052562224
173,2052563272
173,2052564320
173,2052565368
173,2052566416
173,2052567464
173,2052568512
173,2052569560
173,2052570608
173,2052571656
173,2052572704
173,2052573752
173,2052574800
173,2052575848
173,2052576896
173,2052577944
173,2052578992
173,2052580040
173,2052581088
173,2052582136
173,2052583184
173,2052584232
173,2052585280
173,2052586328
173,2052587376
173,2052588424
156,2052589472
156,2052590520
156,2052591568
156,2052592616
156,2052593664
156,2052594712
156,2052595760
156,2052596808
156,2052597856
156,2052598904
156,2052599952
156,2052601000
156,2052602048
156,2052603096
156,2052604144
156,2052605192
156,2052606240
156,2052607288
156,2052608336
156,2052609384
156,2052610432
156,2052611480
156,2052612528
156,2052613576
156,2052614624
156,2052615672
156,2052616720
156,2052617768
156,2052618816
156,2052619864
156,2052620912
156,2052621960
156,2052623008
156,2052624056
156,2052625104
156,2052626152
156,2052627200
156,2052628248
156,2052629296
156,2052630344
156,2052631392
156,2052632440
156,2052633488
156,2052634536
156,2052635584
156,2052636632
156,2052637680
156,2052638728
156,2052639776
156,2052640824
156,2052641872
156,2052642920
156,2052643968
156,2052645016
156,2052646064
156,2052647112
156,2052648160
156,2052649208
156,2052650256
156,2052651304
156,2052652352
156,2052653400
156,2052654448
156,2052655496
156,2052656544
156,2052657592
156,2052658640
156,2052659688
156,2052660736
156,2052661784
156,2052662832
156,2052663880
156,2052664928
156,2052665976
156,2052667024
156,2052668072
156,2052669120
156,2052670168
156,2052671216
156,2052672264
156,2052673312
156,2052674360
156,2052675408
156,2052676456
156,2052677504
156,2052678552
156,2052679600
156,2052680648
156,2052681696
156,2052682744
156,2052683792
156,2052684840
156,2052685888
156,2052686936
156,2052687984
156,2052689032
156,2052690080
156,2052691128
156,2052692176
156,2052693224
156,2052694272
156,2052695320
156,2052696368
156,2052697416
156,2052698464
156,2052699512
156,2052700560
156,2052701608
156,2052702656
156,2052703704
156,2052704752
156,2052705800
156,2052706848
156,2052707896
156,2052708944
156,2052709992
156,2052711040
156,2052712088
156,2052713136
156,2052714184
156,2052715232
156,2052716280
156,2052717328
156,2052718376
156,2052719424
156,2052720472
156,2052721520
156,2052722568
156,2052723616
156,2052724664
156,2052725712
156,2052726760
156,2052727808
156,2052728856
156,2052729904
156,2052730952
156,2052732000
156,2052733048
156,2052734096
156,2052735144
156,2052736192
156,2052737240
156,2052738288
156,2052739336
156,2052740384
156,2052741432
156,2052742480
156,2052743528
156,2052744576
156,2052745624
156,2052746672
156,2052747720
156,2052748768
156,2052749816
156,2052750864
156,2052751912
156,2052752960
156,2052754008
156,2052755056
156,2052756104
156,2052757152
156,2052758200
156,2052759248
156,2052760296
156,2052761344
156,2052762392
156,2052763440
156,2052764488
156,2052765536
156,2052766584
156,2052767632
156,2052768680
156,2052769728
156,2052770776
156,2052771824
156,2052772872
156,2052773920
156,2052774968
156,2052776016
156,2052777064
156,2052778112
156,2052779160
156,2052780208
156,2052781256
156,2052782304
156,2052783352
156,2052784400
156,2052785448
156,2052786496
156,2052787544
156,2052788592
156,2052789640
156,2052790688
156,2052791736
156,2052792784
156,2052793832
156,2052794880
156,2052795928
156,2052796976
156,2052798024
156,2052799072
156,2052800120
156,2052801168
156,2052802216
156,2052803264
156,2052804312
156,2052805360
156,2052806408
156,2052807456
156,2052808504
156,2052809552
156,2052810600
156,2052811648
156,2052812696
156,2052813744
156,2052814792
156,2052815840
156,2052816888
156,2052817936
156,2052818984
156,2052820032
156,2052821080
156,2052822128
156,2052823176
156,2052824224
156,2052825272
156,2052826320
156,2052827368
156,2052828416
156,2052829464
156,2052830512
156,2052831560
156,2052832608
156,2052833656
156,2052834704
156,2052835752
156,2052836800
156,2052837848
156,2052838896
156,2052839944
156,2052840992
156,2052842040
156,2052843088
156,2052844136
156,2052845184
156,2052846232
156,2052847280
156,2052848328
156,2052849376
156,2052850424
156,2052851472
156,2052852520
156,2052853568
156,2052854616
156,2052855664
156,2052856712
156,2052857760
156,2052858808
156,2052859856
156,2052860904
156,2052861952
156,2052863000
156,2052864048
156,2052865096
156,2052866144
156,2052867192
156,2052868240
156,2052869288
156,2052870336
156,2052871384
156,2052872432
156,2052873480
156,2052874528
156,2052875576
156,2052876624
156,2052877672
156,2052878720
156,2052879768
156,2052880816
156,2052881864
156,2052882912
156,2052883960
156,2052885008
156,2052886056
156,2052887104
156,2052888152
156,2052889200
156,2052890248
156,2052891296
156,2052892344
156,2052893392
156,2052894440
156,2052895488
156,2052896536
156,2052897584
156,2052898632
156,2052899680
156,2052900728
156,2052901776
156,2052902824
156,2052903872
156,2052904920
156,2052905968
156,2052907016
156,2052908064
156,2052909112
156,2052910160
156,2052911208
156,2052912256
156,2052913304
156,2052914352
156,2052915400
156,2052916448
156,2052917496
156,2052918544
156,2052919592
156,2052920640
156,2052921688
156,2052922736
156,2052923784
156,2052924832
156,2052925880
156,2052926928
156,2052927976
156,2052929024
156,2052930072
156,2052931120
156,2052932168
156,2052933216
156,2052934264
156,2052935312
156,2052936360
156,2052937408
156,2052938456
156,2052939504
156,2052940552
156,2052941600
156,2052942648
156,2052943696
156,2052944744
156,2052945792
156,2052946840
156,2052947888
156,2052948936
156,2052949984
156,2052951032
156,2052952080
156,2052953128
156,2052954176
156,2052955224
156,2052956272
156,2052957320
156,2052958368
156,2052959416
156,2052960464
156,2052961512
156,2052962560
156,2052963608
156,2052964656
156,2052965704
156,2052966752
156,2052967800
156,2052968848
156,2052969896
156,2052970944
156,2052971992
156,2052973040
156,2052974088
156,2052975136
156,2052976184
156,2052977232
156,2052978280
156,2052979328
156,2052980376
156,2052981424
156,2052982472
156,2052983520
156,2052984568
156,2052985616
156,2052986664
156,2052987712
156,2052988760
156,2052989808
156,2052990856
156,2052991904
156,2052992952
156,2052994000
156,2052995048
156,2052996096
156,2052997144
156,2052998192
156,2052999240
156,2053000288
156,2053001336
156,2053002384
156,2053003432
156,2053004480
156,2053005528
156,2053006576
156,2053007624
156,2053008672
156,2053009720
156,2053010768
156,2053011816
156,2053012864
156,2053013912
156,2053014960
156,2053016008
156,2053017056
156,2053018104
156,2053019152
156,2053020200
156,2053021248
156,2053022296
156,2053023344
156,2053024392
156,2053025440
156,2053026488
156,2053027536
156,2053028584
156,2053029632
156,2053030680
156,2053031728
156,2053032776
156,2053033824
156,2053034872
156,2053035920
156,2053036968
156,2053038016
156,2053039064
156,2053040112
156,2053041160
156,2053042208
156,2053043256
156,2053044304
156,2053045352
156,2053046400
156,2053047448
156,2053048496
156,2053049544
156,2053050592
156,2053051640
156,2053052688
156,2053053736
156,2053054784
156,2053055832
156,2053056880
156,2053057928
156,2053058976
156,2053060024
156,2053061072
156,2053062120
156,2053063168
156,2053064216
156,2053065264
156,2053066312
156,2053067360
156,2053068408
156,2053069456
156,2053070504
156,2053071552
156,2053072600
156,2053073648
156,2053074696
156,2053075744
156,2053076792
156,2053077840
156,2053078888
156,2053079936
156,2053080984
156,2053082032
156,2053083080
156,2053084128
156,2053085176
156,2053086224
156,2053087272
156,2053088320
156,2053089368
156,2053090416
156,2053091464
156,2053092512
156,2053093560
156,2053094608
156,2053095656
156,2053096704
156,2053097752
156,2053098800
156,2053099848
156,2053100896
156,2053101944
156,2053102992
156,2053104040
156,2053105088
156,2053106136
156,2053107184
156,2053108232
156,2053109280
156,2053110328
156,2053111376
156,2053112424
156,2053113472
156,2053114520
156,2053115568
156,2053116616
156,2053117664
156,2053118712
156,2053119760
156,2053120808
156,2053121856
156,2053122904
156,2053123952
156,2053125000
156,2053126048
156,2053127096
156,2053128144
156,2053129192
156,2053130240
156,2053131288
156,2053132336
156,2053133384
156,2053134432
156,2053135480
156,2053136528
156,2053137576
156,2053138624
156,2053139672
156,2053140720
156,2053141768
156,2053142816
156,2053143864
156,2053144912
156,2053145960
156,2053147008
156,2053148056
156,2053149104
156,2053150152
156,2053151200
156,2053152248
156,2053153296
156,2053154344
156,2053155392
156,2053156440
156,2053157488
156,2053158536
156,2053159584
156,2053160632
156,2053161680
156,2053162728
156,2053163776
156,2053164824
156,2053165872
156,2053166920
156,2053167968
156,2053169016
156,2053170064
156,2053171112
156,2053172160
156,2053173208
156,2053174256
156,2053175304
156,2053176352
156,2053177400
156,2053178448
156,2053179496
156,2053180544
156,2053181592
156,2053182640
156,2053183688
156,2053184736
156,2053185784
156,2053186832
156,2053187880
156,2053188928
156,2053189976
156,2053191024
156,2053192072
156,2053193120
156,2053194168
156,2053195216
156,2053196264
156,2053197312
156,2053198360
156,2053199408
156,2053200456
156,2053201504
156,2053202552
156,2053203600
156,2053204648
156,2053205696
156,2053206744
156,2053207792
156,2053208840
156,2053209888
156,2053210936
156,2053211984
156,2053213032
156,2053214080
156,2053215128
156,2053216176
156,2053217224
156,2053218272
156,2053219320
156,2053220368
156,2053221416
156,2053222464
156,2053223512
156,2053224560
156,2053225608
156,2053226656
156,2053227704
156,2053228752
156,2053229800
156,2053230848
156,2053231896
156,2053232944
156,2053233992
156,2053235040
156,2053236088
156,2053237136
156,2053238184
156,2053239232
156,2053240280
156,2053241328
156,2053242376
156,2053243424
156,2053244472
156,2053245520
156,2053246568
156,2053247616
156,2053248664
156,2053249712
156,2053250760
156,2053251808
156,2053252856
156,2053253904
156,2053254952
156,2053256000
156,2053257048
156,2053258096
156,2053259144
156,2053260192
156,2053261240
156,2053262288
156,2053263336
156,2053264384
156,2053265432
156,2053266480
156,2053267528
156,2053268576
156,2053269624
156,2053270672
156,2053271720
156,2053272768
156,2053273816
156,2053274864
156,2053275912
156,2053276960
156,2053278008
156,2053279056
156,2053280104
156,2053281152
156,2053282200
156,2053283248
156,2053284296
156,2053285344
156,2053286392
156,2053287440
156,2053288488
156,2053289536
156,2053290584
156,2053291632
156,2053292680
156,2053293728
156,2053294776
156,2053295824
156,2053296872
156,2053297920
156,2053298968
156,2053300016
156,2053301064
156,2053302112
156,2053303160
156,2053304208
156,2053305256
156,2053306304
156,2053307352
156,2053308400
156,2053309448
156,2053310496
156,2053311544
156,2053312592
156,2053313640
156,2053314688
156,2053315736
156,2053316784
156,2053317832
156,2053318880
156,2053319928
156,2053320976
156,2053322024
156,2053323072
156,2053324120
156,2053325168
156,2053326216
156,2053327264
156,2053328312
156,2053329360
156,2053330408
156,2053331456
156,2053332504
156,2053333552
156,2053334600
156,2053335648
156,2053336696
156,2053337744
156,2053338792
156,2053339840
156,2053340888
156,2053341936
156,2053342984
156,2053344032
156,2053345080
156,2053346128
156,2053347176
156,2053348224
156,2053349272
156,2053350320
156,2053351368
156,2053352416
156,2053353464
156,2053354512
156,2053355560
156,2053356608
156,2053357656
156,2053358704
156,2053359752
156,2053360800
156,2053361848
156,2053362896
156,2053363944
156,2053364992
156,2053366040
156,2053367088
156,2053368136
156,2053369184
156,2053370232
156,2053371280
156,2053372328
156,2053373376
156,2052587520
156,2052588568
156,2052589616
156,2052590664
156,2052591712
156,2052592760
156,2052593808
156,2052594856
156,2052595904
156,2052596952
156,2052598000
156,2052599048
156,2052600096
156,2052601144
156,2052602192
156,2052603240
156,2052604288
156,2052605336
156,2052606384
156,2052607432
156,2052608480
156,2052609528
156,2052610576
156,2052611624
156,2052612672
156,2052613720
156,2052614768
156,2052615816
156,2052616864
156,2052617912
156,2052618960
156,2052620008
156,2052621056
156,2052622104
156,2052623152
156,2052624200
156,2052625248
156,2052626296
156,2052627344
156,2052628392
156,2052629440
156,2052630488
156,2052631536
156,2052632584
156,2052633632
156,2052634680
156,2052635728
156,2052636776
156,2052637824
156,2052638872
156,2052639920
156,2052640968
156,2052642016
156,2052643064
156,2052644112
156,2052645160
156,2052646208
156,2052647256
156,2052648304
156,2052649352
156,2052650400
156,2052651448
156,2052652496
156,2052653544
156,2052654592
156,2052655640
156,2052656688
156,2052657736
156,2052658784
156,2052659832
156,2052660880
156,2052661928
156,2052662976
156,2052664024
156,2052665072
156,2052666120
156,2052667168
156,2052668216
156,2052669264
156,2052670312
156,2052671360
156,2052672408
156,2052673456
156,2052674504
156,2052675552
156,2052676600
156,2052677648
156,2052678696
156,2052679744
156,2052680792
156,2052681840
156,2052682888
156,2052683936
156,2052684984
156,2052686032
156,2052687080
156,2052688128
156,2052689176
156,2052690224
156,2052691272
156,2052692320
156,2052693368
156,2052694416
156,2052695464
156,2052696512
156,2052697560
156,2052698608
156,2052699656
156,2052700704
156,2052701752
156,2052702800
156,2052703848
156,2052704896
156,2052705944
156,2052706992
156,2052708040
156,2052709088
156,2052710136
156,2052711184
156,2052712232
156,2052713280
156,2052714328
156,2052715376
156,2052716424
156,2052717472
156,2052718520
156,2052719568
156,2052720616
156,2052721664
156,2052722712
156,2052723760
156,2052724808
156,2052725856
156,2052726904
156,2052727952
156,2052729000
156,2052730048
156,2052731096
156,2052732144
156,2052733192
156,2052734240
156,2052735288
156,2052736336
156,2052737384
156,2052738432
156,2052739480
156,2052740528
156,2052741576
156,2052742624
156,2052743672
156,2052744720
156,2052745768
156,2052746816
156,2052747864
156,2052748912
156,2052749960
156,2052751008
156,2052752056
156,2052753104
156,2052754152
156,2052755200
156,2052756248
156,2052757296
156,2052758344
156,2052759392
156,2052760440
156,2052761488
156,2052762536
156,2052763584
156,2052764632
156,2052765680
156,2052766728
156,2052767776
156,2052768824
156,2052769872
156,2052770920
156,2052771968
156,2052773016
156,2052774064
156,2052775112
156,2052776160
156,2052777208
156,2052778256
156,2052779304
156,2052780352
156,2052781400
156,2052782448
156,2052783496
156,2052784544
156,2052785592
156,2052786640
156,2052787688
156,2052788736
156,2052789784
156,2052790832
156,2052791880
156,2052792928
156,2052793976
156,2052795024
156,2052796072
156,2052797120
156,2052798168
156,2052799216
156,2052800264
156,2052801312
156,2052802360
156,2052803408
156,2052804456
156,2052805504
156,2052806552
156,2052807600
156,2052808648
156,2052809696
156,2052810744
156,2052811792
156,2052812840
156,2052813888
156,2052814936
156,2052815984
156,2052817032
156,2052818080
156,2052819128
156,2052820176
156,2052821224
156,2052822272
156,2052823320
156,2052824368
156,2052825416
156,2052826464
156,2052827512
156,2052828560
156,2052829608
156,2052830656
156,2052831704
156,2052832752
156,2052833800
156,2052834848
156,2052835896
156,2052836944
156,2052837992
156,2052839040
156,2052840088
156,2052841136
156,2052842184
156,2052843232
156,2052844280
156,2052845328
156,2052846376
156,2052847424
156,2052848472
156,2052849520
156,2052850568
156,2052851616
156,2052852664
156,2052853712
156,2052854760
156,2052855808
156,2052856856
156,2052857904
156,2052858952
156,2052860000
156,2052861048
156,2052862096
156,2052863144
156,2052864192
156,2052865240
156,2052866288
156,2052867336
156,2052868384
156,2052869432
156,2052870480
156,2052871528
156,2052872576
156,2052873624
156,2052874672
156,2052875720
156,2052876768
156,2052877816
156,2052878864
156,2052879912
156,2052880960
156,2052882008
156,2052883056
156,2052884104
156,2052885152
156,2052886200
156,2052887248
156,2052888296
156,2052889344
156,2052890392
156,2052891440
156,2052892488
156,2052893536
156,2052894584
156,2052895632
156,2052896680
156,2052897728
156,2052898776
156,2052899824
156,2052900872
156,2052901920
156,2052902968
156,2052904016
156,2052905064
156,2052906112
156,2052907160
156,2052908208
156,2052909256
156,2052910304
156,2052911352
156,2052912400
156,2052913448
156,2052914496
156,2052915544
156,2052916592
156,2052917640
156,2052918688
156,2052919736
156,2052920784
156,2052921832
156,2052922880
156,2052923928
156,2052924976
156,2052926024
156,2052927072
156,2052928120
156,2052929168
156,2052930216
156,2052931264
156,2052932312
156,2052933360
156,2052934408
156,2052935456
156,2052936504
156,2052937552
156,2052938600
156,2052939648
156,2052940696
156,2052941744
156,2052942792
156,2052943840
156,2052944888
156,2052945936
156,2052946984
156,2052948032
156,2052949080
156,2052950128
156,2052951176
156,2052952224
156,2052953272
156,2052954320
156,2052955368
156,2052956416
156,2052957464
156,2052958512
156,2052959560
156,2052960608
156,2052961656
156,2052962704
156,2052963752
156,2052964800
156,2052965848
156,2052966896
156,2052967944
156,2052968992
156,2052970040
156,2052971088
156,2052972136
156,2052973184
156,2052974232
156,2052975280
156,2052976328
156,2052977376
156,2052978424
156,2052979472
156,2052980520
156,2052981568
156,2052982616
156,2052983664
156,2052984712
156,2052985760
156,2052986808
156,2052987856
156,2052988904
156,2052989952
156,2052991000
156,2052992048
156,2052993096
156,2052994144
156,2052995192
156,2052996240
156,2052997288
156,2052998336
156,2052999384
156,2053000432
156,2053001480
156,2053002528
156,2053003576
156,2053004624
156,2053005672
156,2053006720
156,2053007768
156,2053008816
156,2053009864
156,2053010912
156,2053011960
156,2053013008
156,2053014056
156,2053015104
156,2053016152
156,2053017200
156,2053018248
156,2053019296
156,2053020344
156,2053021392
156,2053022440
156,2053023488
156,2053024536
156,2053025584
156,2053026632
156,2053027680
156,2053028728
156,2053029776
156,2053030824
156,2053031872
156,2053032920
156,2053033968
156,2053035016
156,2053036064
156,2053037112
156,2053038160
156,2053039208
156,2053040256
156,2053041304
156,2053042352
156,2053043400
156,2053044448
156,2053045496
156,2053046544
156,2053047592
156,2053048640
156,2053049688
156,2053050736
156,2053051784
156,2053052832
156,2053053880
156,2053054928
156,2053055976
156,2053057024
156,2053058072
156,2053059120
156,2053060168
156,2053061216
156,2053062264
156,2053063312
156,2053064360
156,2053065408
156,2053066456
156,2053067504
156,2053068552
156,2053069600
156,2053070648
156,2053071696
156,2053072744
156,2053073792
156,2053074840
156,2053075888
156,2053076936
156,2053077984
156,2053079032
156,2053080080
156,2053081128
156,2053082176
156,2053083224
156,2053084272
156,2053085320
156,2053086368
156,2053087416
156,2053088464
156,2053089512
156,2053090560
156,2053091608
156,2053092656
156,2053093704
156,2053094752
156,2053095800
156,2053096848
156,2053097896
156,2053098944
156,2053099992
156,2053101040
156,2053102088
156,2053103136
156,2053104184
156,2053105232
156,2053106280
156,2053107328
156,2053108376
156,2053109424
156,2053110472
156,2053111520
156,2053112568
156,2053113616
156,2053114664
156,2053115712
156,2053116760
156,2053117808
156,2053118856
156,2053119904
156,2053120952
156,2053122000
156,2053123048
156,2053124096
156,2053125144
156,2053126192
156,2053127240
156,2053128288
156,2053129336
156,2053130384
156,2053131432
156,2053132480
156,2053133528
156,2053134576
156,2053135624
156,2053136672
156,2053137720
156,2053138768
156,2053139816
156,2053140864
156,2053141912
156,2053142960
156,2053144008
156,2053145056
156,2053146104
156,2053147152
156,2053148200
156,2053149248
156,2053150296
156,2053151344
156,2053152392
156,2053153440
156,2053154488
156,2053155536
156,2053156584
156,2053157632
156,2053158680
156,2053159728
156,2053160776
156,2053161824
156,2053162872
156,2053163920
156,2053164968
156,2053166016
156,2053167064
156,2053168112
156,2053169160
156,2053170208
156,2053171256
156,2053172304
156,2053173352
156,2053174400
156,2053175448
156,2053176496
156,2053177544
156,2053178592
156,2053179640
156,2053180688
156,2053181736
156,2053182784
156,2053183832
156,2053184880
156,2053185928
156,2053186976
156,2053188024
156,2053189072
156,2053190120
156,2053191168
156,2053192216
156,2053193264
156,2053194312
156,2053195360
156,2053196408
156,2053197456
156,2053198504
156,2053199552
156,2053200600
156,2053201648
156,2053202696
156,2053203744
156,2053204792
156,2053205840
156,2053206888
156,2053207936
156,2053208984
156,2053210032
156,2053211080
156,2053212128
156,2053213176
156,2053214224
156,2053215272
156,2053216320
156,2053217368
156,2053218416
156,2053219464
156,2053220512
156,2053221560
156,2053222608
156,2053223656
156,2053224704
156,2053225752
156,2053226800
156,2053227848
156,2053228896
156,2053229944
156,2053230992
156,2053232040
156,2053233088
156,2053234136
156,2053235184
156,2053236232
156,2053237280
156,2053238328
156,2053239376
156,2053240424
156,2053241472
156,2053242520
156,2053243568
156,2053244616
156,2053245664
156,2053246712
156,2053247760
156,2053248808
156,2053249856
156,2053250904
156,2053251952
156,2053253000
156,2053254048
156,2053255096
156,2053256144
156,2053257192
156,2053258240
156,2053259288
156,2053260336
156,2053261384
156,2053262432
156,2053263480
156,2053264528
156,2053265576
156,2053266624
156,2053267672
156,2053268720
156,2053269768
156,2053270816
156,2053271864
156,2053272912
156,2053273960
156,2053275008
156,2053276056
156,2053277104
156,2053278152
156,2053279200
156,2053280248
156,2053281296
156,2053282344
156,2053283392
156,2053284440
156,2053285488
156,2053286536
156,2053287584
156,2053288632
156,2053289680
156,2053290728
156,2053291776
156,2053292824
156,2053293872
156,2053294920
156,2053295968
156,2053297016
156,2053298064
156,2053299112
156,2053300160
156,2053301208
156,2053302256
156,2053303304
156,2053304352
156,2053305400
156,2053306448
156,2053307496
156,2053308544
156,2053309592
156,2053310640
156,2053311688
156,2053312736
156,2053313784
156,2053314832
156,2053315880
156,2053316928
156,2053317976
156,2053319024
156,2053320072
156,2053321120
156,2053322168
156,2053323216
156,2053324264
156,2053325312
156,2053326360
156,2053327408
156,2053328456
156,2053329504
156,2053330552
156,2053331600
156,2053332648
156,2053333696
156,2053334744
156,2053335792
156,2053336840
156,2053337888
156,2053338936
156,2053339984
156,2053341032
156,2053342080
156,2053343128
156,2053344176
156,2053345224
156,2053346272
156,2053347320
156,2053348368
156,2053349416
156,2053350464
156,2053351512
156,2053352560
156,2053353608
156,2053354656
156,2053355704
156,2053356752
156,2053357800
156,2053358848
156,2053359896
156,2053360944
156,2053361992
156,2053363040
156,2053364088
156,2053365136
156,2053366184
156,2053367232
156,2053368280
156,2053369328
156,2053370376
156,2053371424
156,2053372472
156,2053373520
156,2053374568
156,2053375616
156,2053376664
156,2053377712
156,2053378760
156,2053379808
156,2053380856
156,2053381904
156,2053382952
156,2053384000
156,2053385048
156,2053386096
156,2053387144
156,2053388192
156,2053389240
156,2053390288
156,2053391336
156,2053392384
156,2053393432
156,2053394480
156,2053395528
156,2053396576
156,2053397624
156,2053398672
156,2053399720
156,2053400768
156,2053401816
156,2053402864
156,2053403912
156,2053404960
156,2053406008
156,2053407056
156,2053408104
156,2053409152
156,2053410200
156,2053411248
156,2053412296
156,2053413344
156,2053414392
156,2053415440
156,2053416488
156,2053417536
156,2053418584
156,2053419632
156,2053420680
156,2053421728
156,2053422776
156,2053423824
156,2053424872
156,2053425920
156,2053426968
156,2053428016
156,2053429064
156,2053430112
156,2053431160
156,2053432208
156,2053433256
156,2053434304
156,2053435352
156,2053436400
156,2053437448
156,2053438496
156,2053439544
156,2053440592
156,2053441640
156,2053442688
156,2053443736
156,2053444784
156,2053445832
156,2053446880
156,2053447928
156,2053448976
156,2053450024
156,2053451072
156,2053452120
156,2053453168
156,2053454216
156,2053455264
156,2053456312
156,2053457360
156,2053458408
156,2053459456
156,2053460504
156,2053461552
156,2053462600
156,2053463648
156,2053464696
156,2053465744
156,2053466792
156,2053467840
156,2053468888
156,2053469936
156,2053470984
156,2053472032
156,2053473080
156,2053474128
156,2053475176
156,2053476224
156,2053477272
156,2053478320
156,2053479368
156,2053480416
156,2053481464
156,2053482512
156,2053483560
156,2053484608
156,2053485656
156,2053486704
156,2053487752
156,2053488800
156,2053489848
156,2053490896
156,2053491944
156,2053492992
156,2053494040
156,2053495088
156,2053496136
156,2053497184
156,2053498232
156,2053499280
156,2053500328
156,2053501376
156,2053502424
156,2053503472
156,2053504520
156,2053505568
156,2053506616
156,2053507664
156,2053508712
156,2053509760
156,2053510808
156,2053511856
156,2053512904
156,2053513952
156,2053515000
156,2053516048
156,2053517096
156,2053518144
156,2053519192
156,2053520240
156,2053521288
156,2053522336
156,2053523384
156,2053524432
156,2053525480
156,2053526528
156,2053527576
156,2053528624
156,2053529672
156,2053530720
156,2053531768
156,2053532816
156,2053533864
156,2053534912
156,2053535960
156,2053537008
156,2053538056
156,2053539104
156,2053540152
156,2053541200
156,2053542248
156,2053543296
156,2053544344
156,2053545392
156,2053546440
156,2053547488
156,2053548536
156,2053549584
156,2053550632
156,2053551680
156,2053552728
156,2053553776
156,2053554824
156,2053555872
156,2053556920
156,2053557968
156,2053559016
156,2053560064
156,2053561112
156,2053562160
156,2053563208
156,2053564256
156,2053565304
156,2053566352
156,2053567400
156,2053568448
156,2053569496
156,2053570544
156,2053571592
156,2053572640
156,2053573688
156,2053574736
156,2053575784
156,2053576832
156,2053577880
156,2053578928
156,2053579976
156,2053581024
156,2053582072
156,2053583120
156,2053584168
156,2053585216
156,2053586264
156,2053587312
156,2053588360
156,2053589408
156,2053590456
156,2053591504
156,2053592552
156,2053593600
156,2053594648
156,2053595696
156,2053596744
156,2053597792
156,2053598840
156,2053599888
156,2053600936
156,2053601984
156,2053603032
156,2053604080
156,2053605128
156,2053606176
156,2053607224
156,2053608272
156,2053609320
156,2053610368
156,2053611416
156,2053612464
156,2053613512
156,2053614560
156,2053615608
156,2053616656
156,2053617704
156,2053618752
156,2053619800
156,2053620848
156,2053621896
156,2053622944
156,2053623992
156,2053625040
156,2053626088
156,2053627136
156,2053628184
156,2053629232
156,2053630280
156,2053631328
156,2053632376
156,2053633424
156,2053634472
156,2053635520
156,2052849664
156,2052850712
156,2052851760
156,2052852808
156,2052853856
156,2052854904
156,2052855952
156,2052857000
156,2052858048
156,2052859096
156,2052860144
156,2052861192
156,2052862240
156,2052863288
156,2052864336
156,2052865384
156,2052866432
156,2052867480
156,2052868528
156,2052869576
156,2052870624
156,2052871672
156,2052872720
156,2052873768
156,2052874816
156,2052875864
156,2052876912
156,2052877960
156,2052879008
156,2052880056
156,2052881104
156,2052882152
156,2052883200
156,2052884248
156,2052885296
156,2052886344
156,2052887392
156,2052888440
156,2052889488
156,2052890536
156,2052891584
156,2052892632
156,2052893680
156,2052894728
156,2052895776
156,2052896824
156,2052897872
156,2052898920
156,2052899968
156,2052901016
156,2052902064
156,2052903112
156,2052904160
156,2052905208
156,2052906256
156,2052907304
156,2052908352
156,2052909400
156,2052910448
156,2052911496
156,2052912544
156,2052913592
156,2052914640
156,2052915688
156,2052916736
156,2052917784
156,2052918832
156,2052919880
156,2052920928
156,2052921976
156,2052923024
156,2052924072
156,2052925120
156,2052926168
156,2052927216
156,2052928264
156,2052929312
156,2052930360
156,2052931408
156,2052932456
156,2052933504
156,2052934552
156,2052935600
156,2052936648
156,2052937696
156,2052938744
156,2052939792
156,2052940840
156,2052941888
156,2052942936
156,2052943984
156,2052945032
156,2052946080
156,2052947128
156,2052948176
156,2052949224
156,2052950272
156,2052951320
156,2052952368
156,2052953416
156,2052954464
156,2052955512
156,2052956560
156,2052957608
156,2052958656
156,2052959704
156,2052960752
156,2052961800
156,2052962848
156,2052963896
156,2052964944
156,2052965992
156,2052967040
156,2052968088
156,2052969136
156,2052970184
156,2052971232
156,2052972280
156,2052973328
156,2052974376
156,2052975424
156,2052976472
156,2052977520
156,2052978568
156,2052979616
156,2052980664
156,2052981712
156,2052982760
156,2052983808
156,2052984856
156,2052985904
156,2052986952
156,2052988000
156,2052989048
156,2052990096
156,2052991144
156,2052992192
156,2052993240
156,2052994288
156,2052995336
156,2052996384
156,2052997432
156,2052998480
156,2052999528
156,2053000576
156,2053001624
156,2053002672
156,2053003720
156,2053004768
156,2053005816
156,2053006864
156,2053007912
156,2053008960
156,2053010008
156,2053011056
156,2053012104
156,2053013152
156,2053014200
156,2053015248
156,2053016296
156,2053017344
156,2053018392
156,2053019440
156,2053020488
156,2053021536
156,2053022584
156,2053023632
156,2053024680
156,2053025728
156,2053026776
156,2053027824
156,2053028872
156,2053029920
156,2053030968
156,2053032016
156,2053033064
156,2053034112
156,2053035160
156,2053036208
156,2053037256
156,2053038304
156,2053039352
156,2053040400
156,2053041448
156,2053042496
156,2053043544
156,2053044592
156,2053045640
156,2053046688
156,2053047736
156,2053048784
156,2053049832
156,2053050880
156,2053051928
156,2053052976
156,2053054024
156,2053055072
156,2053056120
156,2053057168
156,2053058216
156,2053059264
156,2053060312
156,2053061360
156,2053062408
156,2053063456
156,2053064504
156,2053065552
156,2053066600
156,2053067648
156,2053068696
156,2053069744
156,2053070792
156,2053071840
156,2053072888
156,2053073936
156,2053074984
156,2053076032
156,2053077080
156,2053078128
156,2053079176
156,2053080224
156,2053081272
156,2053082320
156,2053083368
156,2053084416
156,2053085464
156,2053086512
156,2053087560
156,2053088608
156,2053089656
156,2053090704
156,2053091752
156,2053092800
156,2053093848
156,2053094896
156,2053095944
156,2053096992
156,2053098040
156,2053099088
156,2053100136
156,2053101184
156,2053102232
156,2053103280
156,2053104328
156,2053105376
156,2053106424
156,2053107472
156,2053108520
156,2053109568
156,2053110616
156,2053111664
156,2053112712
156,2053113760
156,2053114808
156,2053115856
156,2053116904
156,2053117952
156,2053119000
156,2053120048
156,2053121096
156,2053122144
156,2053123192
156,2053124240
156,2053125288
156,2053126336
156,2053127384
156,2053128432
156,2053129480
156,2053130528
156,2053131576
156,2053132624
156,2053133672
156,2053134720
156,2053135768
156,2053136816
156,2053137864
156,2053138912
156,2053139960
156,2053141008
156,2053142056
156,2053143104
156,2053144152
156,2053145200
156,2053146248
156,2053147296
156,2053148344
156,2053149392
156,2053150440
156,2053151488
156,2053152536
156,2053153584
156,2053154632
156,2053155680
156,2053156728
156,2053157776
156,2053158824
156,2053159872
156,2053160920
156,2053161968
156,2053163016
156,2053164064
156,2053165112
156,2053166160
156,2053167208
156,2053168256
156,2053169304
156,2053170352
156,2053171400
156,2053172448
156,2053173496
156,2053174544
156,2053175592
156,2053176640
156,2053177688
156,2053178736
156,2053179784
156,2053180832
156,2053181880
156,2053182928
156,2053183976
156,2053185024
156,2053186072
156,2053187120
156,2053188168
156,2053189216
156,2053190264
156,2053191312
156,2053192360
156,2053193408
156,2053194456
156,2053195504
156,2053196552
156,2053197600
156,2053198648
156,2053199696
156,2053200744
156,2053201792
156,2053202840
156,2053203888
156,2053204936
156,2053205984
156,2053207032
156,2053208080
156,2053209128
156,2053210176
156,2053211224
156,2053212272
156,2053213320
156,2053214368
156,2053215416
156,2053216464
156,2053217512
156,2053218560
156,2053219608
156,2053220656
156,2053221704
156,2053222752
156,2053223800
156,2053224848
156,2053225896
156,2053226944
156,2053227992
156,2053229040
156,2053230088
156,2053231136
156,2053232184
156,2053233232
156,2053234280
156,2053235328
156,2053236376
156,2053237424
156,2053238472
156,2053239520
156,2053240568
156,2053241616
156,2053242664
156,2053243712
156,2053244760
156,2053245808
156,2053246856
156,2053247904
156,2053248952
156,2053250000
156,2053251048
156,2053252096
156,2053253144
156,2053254192
156,2053255240
156,2053256288
156,2053257336
156,2053258384
156,2053259432
156,2053260480
156,2053261528
156,2053262576
156,2053263624
156,2053264672
156,2053265720
156,2053266768
156,2053267816
156,2053268864
156,2053269912
156,2053270960
156,2053272008
156,2053273056
156,2053274104
156,2053275152
156,2053276200
156,2053277248
156,2053278296
156,2053279344
156,2053280392
156,2053281440
156,2053282488
156,2053283536
156,2053284584
156,2053285632
156,2053286680
156,2053287728
156,2053288776
156,2053289824
156,2053290872
156,2053291920
156,2053292968
156,2053294016
156,2053295064
156,2053296112
156,2053297160
156,2053298208
156,2053299256
156,2053300304
156,2053301352
156,2053302400
156,2053303448
156,2053304496
156,2053305544
156,2053306592
156,2053307640
156,2053308688
156,2053309736
156,2053310784
156,2053311832
156,2053312880
156,2053313928
156,2053314976
156,2053316024
156,2053317072
156,2053318120
156,2053319168
156,2053320216
156,2053321264
156,2053322312
156,2053323360
156,2053324408
156,2053325456
156,2053326504
156,2053327552
156,2053328600
156,2053329648
156,2053330696
156,2053331744
156,2053332792
156,2053333840
156,2053334888
156,2053335936
156,2053336984
156,2053338032
156,2053339080
156,2053340128
156,2053341176
156,2053342224
156,2053343272
156,2053344320
156,2053345368
156,2053346416
156,2053347464
156,2053348512
156,2053349560
156,2053350608
156,2053351656
156,2053352704
156,2053353752
156,2053354800
156,2053355848
156,2053356896
156,2053357944
156,2053358992
156,2053360040
156,2053361088
156,2053362136
156,2053363184
156,2053364232
156,2053365280
156,2053366328
156,2053367376
156,2053368424
156,2053369472
156,2053370520
156,2053371568
156,2053372616
156,2053373664
156,2053374712
156,2053375760
156,2053376808
156,2053377856
156,2053378904
156,2053379952
156,2053381000
156,2053382048
156,2053383096
156,2053384144
156,2053385192
156,2053386240
156,2053387288
156,2053388336
156,2053389384
156,2053390432
156,2053391480
156,2053392528
156,2053393576
156,2053394624
156,2053395672
156,2053396720
156,2053397768
156,2053398816
156,2053399864
156,2053400912
156,2053401960
156,2053403008
156,2053404056
156,2053405104
156,2053406152
156,2053407200
156,2053408248
156,2053409296
156,2053410344
156,2053411392
156,2053412440
156,2053413488
156,2053414536
156,2053415584
156,2053416632
156,2053417680
156,2053418728
156,2053419776
156,2053420824
156,2053421872
156,2053422920
156,2053423968
156,2053425016
156,2053426064
156,2053427112
156,2053428160
156,2053429208
156,2053430256
156,2053431304
156,2053432352
156,2053433400
156,2053434448
156,2053435496
156,2053436544
156,2053437592
156,2053438640
156,2053439688
156,2053440736
156,2053441784
156,2053442832
156,2053443880
156,2053444928
156,2053445976
156,2053447024
156,2053448072
156,2053449120
156,2053450168
156,2053451216
156,2053452264
156,2053453312
156,2053454360
156,2053455408
156,2053456456
156,2053457504
156,2053458552
156,2053459600
156,2053460648
156,2053461696
156,2053462744
156,2053463792
156,2053464840
156,2053465888
156,2053466936
156,2053467984
156,2053469032
156,2053470080
156,2053471128
156,2053472176
156,2053473224
156,2053474272
156,2053475320
156,2053476368
156,2053477416
156,2053478464
156,2053479512
156,2053480560
156,2053481608
156,2053482656
156,2053483704
156,2053484752
156,2053485800
156,2053486848
156,2053487896
156,2053488944
156,2053489992
156,2053491040
156,2053492088
156,2053493136
156,2053494184
156,2053495232
156,2053496280
156,2053497328
156,2053498376
156,2053499424
156,2053500472
156,2053501520
156,2053502568
156,2053503616
156,2053504664
156,2053505712
156,2053506760
156,2053507808
156,2053508856
156,2053509904
156,2053510952
156,2053512000
156,2053513048
156,2053514096
156,2053515144
156,2053516192
156,2053517240
156,2053518288
156,2053519336
156,2053520384
156,2053521432
156,2053522480
156,2053523528
156,2053524576
156,2053525624
156,2053526672
156,2053527720
156,2053528768
156,2053529816
156,2053530864
156,2053531912
156,2053532960
156,2053534008
156,2053535056
156,2053536104
156,2053537152
156,2053538200
156,2053539248
156,2053540296
156,2053541344
156,2053542392
156,2053543440
156,2053544488
156,2053545536
156,2053546584
156,2053547632
156,2053548680
156,2053549728
156,2053550776
156,2053551824
156,2053552872
156,2053553920
156,2053554968
156,2053556016
156,2053557064
156,2053558112
156,2053559160
156,2053560208
156,2053561256
156,2053562304
156,2053563352
156,2053564400
156,2053565448
156,2053566496
156,2053567544
156,2053568592
156,2053569640
156,2053570688
156,2053571736
156,2053572784
156,2053573832
156,2053574880
156,2053575928
156,2053576976
156,2053578024
156,2053579072
156,2053580120
156,2053581168
156,2053582216
156,2053583264
156,2053584312
156,2053585360
156,2053586408
156,2053587456
156,2053588504
156,2053589552
156,2053590600
156,2053591648
156,2053592696
156,2053593744
156,2053594792
156,2053595840
156,2053596888
156,2053597936
156,2053598984
156,2053600032
156,2053601080
156,2053602128
156,2053603176
156,2053604224
156,2053605272
156,2053606320
156,2053607368
156,2053608416
156,2053609464
156,2053610512
156,2053611560
156,2053612608
156,2053613656
156,2053614704
156,2053615752
156,2053616800
156,2053617848
156,2053618896
156,2053619944
156,2053620992
156,2053622040
156,2053623088
156,2053624136
156,2053625184
156,2053626232
156,2053627280
156,2053628328
156,2053629376
156,2053630424
156,2053631472
156,2053632520
156,2053633568
156,2053634616
156,2053635664
156,2053636712
156,2053637760
156,2053638808
156,2053639856
156,2053640904
156,2053641952
156,2053643000
156,2053644048
156,2053645096
156,2053646144
156,2053647192
156,2053648240
156,2053649288
156,2053650336
156,2053651384
156,2053652432
156,2053653480
156,2053654528
156,2053655576
156,2053656624
156,2053657672
156,2053658720
156,2053659768
156,2053660816
156,2053661864
156,2053662912
156,2053663960
156,2053665008
156,2053666056
156,2053667104
156,2053668152
156,2053669200
156,2053670248
156,2053671296
156,2053672344
156,2053673392
156,2053674440
156,2053675488
156,2053676536
156,2053677584
156,2053678632
156,2053679680
156,2053680728
156,2053681776
156,2053682824
156,2053683872
156,2053684920
156,2053685968
156,2053687016
156,2053688064
156,2053689112
156,2053690160
156,2053691208
156,2053692256
156,2053693304
156,2053694352
156,2053695400
156,2053696448
156,2053697496
156,2053698544
156,2053699592
156,2053700640
156,2053701688
156,2053702736
156,2053703784
156,2053704832
156,2053705880
156,2053706928
156,2053707976
156,2053709024
156,2053710072
156,2053711120
156,2053712168
156,2053713216
156,2053714264
156,2053715312
156,2053716360
156,2053717408
156,2053718456
156,2053719504
156,2053720552
156,2053721600
156,2053722648
156,2053723696
156,2053724744
156,2053725792
156,2053726840
156,2053727888
156,2053728936
156,2053729984
156,2053731032
156,2053732080
156,2053733128
156,2053734176
156,2053735224
156,2053736272
156,2053737320
156,2053738368
156,2053739416
156,2053740464
156,2053741512
156,2053742560
156,2053743608
156,2053744656
156,2053745704
156,2053746752
156,2053747800
156,2053748848
156,2053749896
156,2053750944
156,2053751992
156,2053753040
156,2053754088
156,2053755136
156,2053756184
156,2053757232
156,2053758280
156,2053759328
156,2053760376
156,2053761424
156,2053762472
156,2053763520
156,2053764568
156,2053765616
156,2053766664
156,2053767712
156,2053768760
156,2053769808
156,2053770856
156,2053771904
156,2053772952
156,2053774000
156,2053775048
156,2053776096
156,2053777144
156,2053778192
156,2053779240
156,2053780288
156,2053781336
156,2053782384
156,2053783432
156,2053784480
156,2053785528
156,2053786576
156,2053787624
156,2053788672
156,2053789720
156,2053790768
156,2053791816
156,2053792864
156,2053793912
156,2053794960
156,2053796008
156,2053797056
156,2053798104
156,2053799152
156,2053800200
156,2053801248
156,2053802296
156,2053803344
156,2053804392
156,2053805440
156,2053806488
156,2053807536
156,2053808584
156,2053809632
156,2053810680
156,2053811728
156,2053812776
156,2053813824
156,2053814872
156,2053815920
156,2053816968
156,2053818016
156,2053819064
156,2053820112
156,2053821160
156,2053822208
156,2053823256
156,2053824304
156,2053825352
156,2053826400
156,2053827448
156,2053828496
156,2053829544
156,2053830592
156,2053831640
156,2053832688
156,2053833736
156,2053834784
156,2053835832
156,2053836880
156,2053837928
156,2053838976
156,2053840024
156,2053841072
156,2053842120
156,2053843168
156,2053844216
156,2053845264
156,2053846312
156,2053847360
156,2053848408
156,2053849456
156,2053850504
156,2053851552
156,2053852600
156,2053853648
156,2053854696
156,2053855744
156,2053856792
156,2053857840
156,2053858888
156,2053859936
156,2053860984
156,2053862032
156,2053863080
156,2053864128
156,2053865176
156,2053866224
156,2053867272
156,2053868320
156,2053869368
156,2053870416
156,2053871464
156,2053872512
156,2053873560
156,2053874608
156,2053875656
156,2053876704
156,2053877752
156,2053878800
156,2053879848
156,2053880896
156,2053881944
156,2053882992
156,2053884040
156,2053885088
156,2053886136
156,2053887184
156,2053888232
156,2053889280
156,2053890328
156,2053891376
156,2053892424
156,2053893472
156,2053894520
156,2053895568
156,2053896616
156,2053897664
