187,2052063232
187,2052064280
187,2052065328
187,2052066376
187,2052067424
187,2052068472
187,2052069520
187,2052070568
187,2052071616
187,2052072664
187,2052073712
187,2052074760
187,2052075808
187,2052076856
187,2052077904
187,2052078952
187,2052080000
187,2052081048
187,2052082096
187,2052083144
187,2052084192
187,2052085240
187,2052086288
187,2052087336
187,2052088384
187,2052089432
187,2052090480
187,2052091528
187,2052092576
187,2052093624
187,2052094672
187,2052095720
187,2052096768
187,2052097816
187,2052098864
187,2052099912
187,2052100960
187,2052102008
187,2052103056
187,2052104104
187,2052105152
187,2052106200
187,2052107248
187,2052108296
187,2052109344
187,2052110392
187,2052111440
187,2052112488
187,2052113536
187,2052114584
187,2052115632
187,2052116680
187,2052117728
187,2052118776
187,2052119824
187,2052120872
187,2052121920
187,2052122968
187,2052124016
187,2052125064
187,2052126112
187,2052127160
187,2052128208
187,2052129256
187,2052130304
187,2052131352
187,2052132400
187,2052133448
187,2052134496
187,2052135544
187,2052136592
187,2052137640
187,2052138688
187,2052139736
187,2052140784
187,2052141832
187,2052142880
187,2052143928
187,2052144976
187,2052146024
187,2052147072
187,2052148120
187,2052149168
187,2052150216
187,2052151264
187,2052152312
187,2052153360
187,2052154408
187,2052155456
187,2052156504
187,2052157552
187,2052158600
187,2052159648
187,2052160696
187,2052161744
187,2052162792
187,2052163840
187,2052164888
187,2052165936
187,2052166984
187,2052168032
187,2052169080
187,2052170128
187,2052171176
187,2052172224
187,2052173272
187,2052174320
187,2052175368
187,2052176416
187,2052177464
187,2052178512
187,2052179560
187,2052180608
187,2052181656
187,2052182704
187,2052183752
187,2052184800
187,2052185848
187,2052186896
187,2052187944
186,2052188992
186,2052190040
186,2052191088
186,2052192136
186,2052193184
186,2052194232
186,2052195280
186,2052196328
186,2052197376
186,2052198424
186,2052199472
186,2052200520
186,2052201568
186,2052202616
186,2052203664
186,2052204712
186,2052205760
186,2052206808
186,2052207856
186,2052208904
186,2052209952
186,2052211000
186,2052212048
186,2052213096
186,2052214144
186,2052215192
186,2052216240
186,2052217288
186,2052218336
186,2052219384
186,2052220432
186,2052221480
186,2052222528
186,2052223576
186,2052224624
186,2052225672
186,2052226720
186,2052227768
186,2052228816
186,2052229864
186,2052230912
186,2052231960
186,2052233008
186,2052234056
186,2052235104
186,2052236152
186,2052237200
186,2052238248
186,2052239296
186,2052240344
186,2052241392
186,2052242440
186,2052243488
186,2052244536
186,2052245584
186,2052246632
186,2052247680
186,2052248728
186,2052249776
186,2052250824
186,2052251872
186,2052252920
186,2052253968
186,2052255016
186,2052256064
186,2052257112
186,2052258160
186,2052259208
186,2052260256
186,2052261304
186,2052262352
186,2052263400
186,2052264448
186,2052265496
186,2052266544
186,2052267592
186,2052268640
186,2052269688
186,2052270736
186,2052271784
186,2052272832
186,2052273880
186,2052274928
186,2052275976
186,2052277024
186,2052278072
186,2052279120
186,2052280168
186,2052281216
186,2052282264
186,2052283312
186,2052284360
186,2052285408
186,2052286456
186,2052287504
186,2052288552
186,2052289600
186,2052290648
186,2052291696
186,2052292744
186,2052293792
186,2052294840
186,2052295888
186,2052296936
186,2052297984
186,2052299032
186,2052300080
186,2052301128
186,2052302176
186,2052303224
186,2052304272
186,2052305320
186,2052306368
186,2052307416
186,2052308464
186,2052309512
186,2052310560
186,2052311608
186,2052312656
186,2052313704
186,2052314752
186,2052315800
186,2052316848
186,2052317896
186,2052318944
186,2052319992
186,2052321040
186,2052322088
186,2052323136
186,2052324184
186,2052325232
186,2052326280
186,2052327328
186,2052328376
186,2052329424
186,2052330472
186,2052331520
186,2052332568
186,2052333616
186,2052334664
186,2052335712
186,2052336760
186,2052337808
186,2052338856
186,2052339904
186,2052340952
186,2052342000
186,2052343048
186,2052344096
186,2052345144
186,2052346192
186,2052347240
186,2052348288
186,2052349336
186,2052350384
186,2052351432
186,2052352480
186,2052353528
186,2052354576
186,2052355624
186,2052356672
186,2052357720
186,2052358768
186,2052359816
186,2052360864
186,2052361912
186,2052362960
186,2052364008
186,2052365056
186,2052366104
186,2052367152
186,2052368200
186,2052369248
186,2052370296
186,2052371344
186,2052372392
186,2052373440
186,2052374488
186,2052375536
186,2052376584
186,2052377632
186,2052378680
186,2052379728
186,2052380776
186,2052381824
186,2052382872
186,2052383920
186,2052384968
186,2052386016
186,2052387064
186,2052388112
186,2052389160
186,2052390208
186,2052391256
186,2052392304
186,2052393352
186,2052394400
186,2052395448
186,2052396496
186,2052397544
186,2052398592
186,2052399640
186,2052400688
186,2052401736
186,2052402784
186,2052403832
186,2052404880
186,2052405928
186,2052406976
186,2052408024
186,2052409072
186,2052410120
186,2052411168
186,2052412216
186,2052413264
186,2052414312
186,2052415360
186,2052416408
186,2052417456
186,2052418504
186,2052419552
186,2052420600
186,2052421648
186,2052422696
186,2052423744
186,2052424792
186,2052425840
186,2052426888
186,2052427936
186,2052428984
186,2052430032
186,2052431080
186,2052432128
186,2052433176
186,2052434224
186,2052435272
186,2052436320
186,2052437368
186,2052438416
186,2052439464
186,2052440512
186,2052441560
186,2052442608
186,2052443656
186,2052444704
186,2052445752
186,2052446800
186,2052447848
186,2052448896
186,2052449944
186,2052450992
186,2052452040
186,2052453088
186,2052454136
186,2052455184
186,2052456232
186,2052457280
186,2052458328
186,2052459376
186,2052460424
186,2052461472
186,2052462520
186,2052463568
186,2052464616
186,2052465664
186,2052466712
186,2052467760
186,2052468808
186,2052469856
186,2052470904
186,2052471952
186,2052473000
186,2052474048
186,2052475096
186,2052476144
186,2052477192
186,2052478240
186,2052479288
186,2052480336
186,2052481384
186,2052482432
186,2052483480
186,2052484528
186,2052485576
186,2052486624
186,2052487672
186,2052488720
186,2052489768
186,2052490816
186,2052491864
186,2052492912
186,2052493960
186,2052495008
186,2052496056
186,2052497104
186,2052498152
186,2052499200
186,2052500248
186,2052501296
186,2052502344
186,2052503392
186,2052504440
186,2052505488
186,2052506536
186,2052507584
186,2052508632
186,2052509680
186,2052510728
186,2052511776
186,2052512824
186,2052513872
186,2052514920
186,2052515968
186,2052517016
186,2052518064
186,2052519112
186,2052520160
186,2052521208
186,2052522256
186,2052523304
186,2052524352
186,2052525400
186,2052526448
186,2052527496
186,2052528544
186,2052529592
186,2052530640
186,2052531688
186,2052532736
186,2052533784
186,2052534832
186,2052535880
186,2052536928
186,2052537976
186,2052539024
186,2052540072
186,2052541120
186,2052542168
186,2052543216
186,2052544264
186,2052545312
186,2052546360
186,2052547408
186,2052548456
186,2052549504
186,2052550552
186,2052551600
186,2052552648
186,2052553696
186,2052554744
186,2052555792
186,2052556840
186,2052557888
186,2052558936
186,2052559984
186,2052561032
186,2052562080
186,2052563128
186,2052564176
186,2052565224
186,2052566272
186,2052567320
186,2052568368
186,2052569416
186,2052570464
186,2052571512
186,2052572560
186,2052573608
186,2052574656
186,2052575704
186,2052576752
186,2052577800
186,2052578848
186,2052579896
186,2052580944
186,2052581992
186,2052583040
186,2052584088
186,2052585136
186,2052586184
186,2052587232
186,2052588280
186,2052589328
186,2052590376
186,2052591424
186,2052592472
186,2052593520
181,2052594568
181,2052595616
181,2052596664
181,2052597712
181,2052598760
181,2052599808
181,2052600856
181,2052601904
181,2052602952
181,2052604000
181,2052605048
181,2052606096
181,2052607144
181,2052608192
181,2052609240
181,2052610288
181,2052611336
181,2052612384
181,2052613432
181,2052614480
181,2052615528
181,2052616576
181,2052617624
181,2052618672
181,2052619720
181,2052620768
181,2052621816
181,2052622864
181,2052623912
181,2052624960
181,2052626008
181,2052627056
181,2052628104
181,2052629152
181,2052630200
181,2052631248
181,2052632296
181,2052633344
181,2052634392
181,2052635440
181,2052636488
181,2052637536
181,2052638584
181,2052639632
181,2052640680
181,2052641728
181,2052642776
181,2052643824
181,2052644872
181,2052645920
181,2052646968
181,2052648016
181,2052649064
181,2052650112
181,2052651160
181,2052652208
181,2052653256
181,2052654304
181,2052655352
181,2052656400
181,2052657448
181,2052658496
181,2052659544
181,2052660592
181,2052661640
181,2052662688
181,2052663736
181,2052664784
181,2052665832
181,2052666880
181,2052667928
181,2052668976
181,2052670024
181,2052671072
181,2052672120
181,2052673168
181,2052674216
181,2052675264
181,2052676312
181,2052677360
181,2052678408
181,2052679456
181,2052680504
181,2052681552
181,2052682600
181,2052683648
181,2052684696
181,2052685744
181,2052686792
181,2052687840
181,2052688888
181,2052689936
181,2052690984
181,2052692032
181,2052693080
181,2052694128
181,2052695176
181,2052696224
181,2052697272
181,2052698320
181,2052699368
181,2052700416
181,2052701464
181,2052702512
181,2052703560
181,2052704608
181,2052705656
181,2052706704
181,2052707752
181,2052708800
181,2052709848
181,2052710896
181,2052711944
181,2052712992
181,2052714040
181,2052715088
181,2052716136
181,2052717184
181,2052718232
181,2052719280
181,2052720328
181,2052721376
181,2052722424
181,2052723472
181,2052724520
181,2052725568
181,2052726616
181,2052727664
181,2052728712
181,2052729760
181,2052730808
181,2052731856
181,2052732904
181,2052733952
181,2052735000
181,2052736048
181,2052737096
181,2052738144
181,2052739192
181,2052740240
181,2052741288
181,2052742336
181,2052743384
181,2052744432
181,2052745480
181,2052746528
181,2052747576
181,2052748624
181,2052749672
181,2052750720
181,2052751768
181,2052752816
181,2052753864
181,2052754912
181,2052755960
181,2052757008
181,2052758056
181,2052759104
181,2052760152
181,2052761200
181,2052762248
181,2052763296
181,2052764344
181,2052765392
181,2052766440
181,2052767488
181,2052768536
181,2052769584
181,2052770632
181,2052771680
181,2052772728
181,2052773776
181,2052774824
181,2052775872
181,2052776920
181,2052777968
181,2052779016
181,2052780064
181,2052781112
181,2052782160
181,2052783208
181,2052784256
181,2052785304
181,2052786352
181,2052787400
181,2052788448
181,2052789496
181,2052790544
181,2052791592
181,2052792640
181,2052793688
181,2052794736
181,2052795784
181,2052796832
181,2052797880
181,2052798928
181,2052799976
181,2052801024
181,2052802072
181,2052803120
181,2052804168
181,2052805216
181,2052806264
181,2052807312
181,2052808360
181,2052809408
181,2052810456
181,2052811504
181,2052812552
181,2052813600
181,2052814648
181,2052815696
181,2052816744
181,2052817792
181,2052818840
181,2052819888
181,2052820936
181,2052821984
181,2052823032
181,2052824080
181,2052825128
181,2052826176
181,2052827224
181,2052828272
181,2052829320
181,2052830368
181,2052831416
181,2052832464
181,2052833512
181,2052834560
181,2052835608
181,2052836656
181,2052837704
181,2052838752
181,2052839800
181,2052840848
181,2052841896
181,2052842944
181,2052843992
181,2052845040
181,2052846088
181,2052847136
181,2052848184
181,2052849232
181,2052850280
181,2052851328
181,2052852376
181,2052853424
181,2052854472
181,2052855520
181,2052856568
181,2052857616
181,2052858664
181,2052859712
181,2052860760
181,2052861808
181,2052862856
181,2052863904
181,2052864952
181,2052866000
181,2052867048
181,2052868096
181,2052869144
181,2052870192
181,2052871240
181,2052872288
181,2052873336
181,2052874384
181,2052875432
181,2052876480
181,2052877528
181,2052878576
181,2052879624
181,2052880672
181,2052881720
181,2052882768
181,2052883816
181,2052884864
181,2052885912
181,2052886960
181,2052888008
181,2052889056
181,2052890104
181,2052891152
181,2052892200
181,2052893248
181,2052894296
181,2052895344
181,2052896392
181,2052897440
181,2052898488
181,2052899536
181,2052900584
181,2052901632
181,2052902680
181,2052903728
181,2052904776
181,2052905824
181,2052906872
181,2052907920
181,2052908968
181,2052910016
181,2052911064
181,2052912112
181,2052913160
181,2052914208
181,2052915256
181,2052916304
181,2052917352
181,2052918400
181,2052919448
181,2052920496
181,2052921544
181,2052922592
181,2052923640
181,2052924688
181,2052925736
181,2052926784
181,2052927832
181,2052928880
181,2052929928
181,2052930976
181,2052932024
181,2052933072
181,2052934120
181,2052935168
181,2052936216
181,2052937264
181,2052938312
181,2052939360
181,2052940408
181,2052941456
181,2052942504
181,2052943552
181,2052944600
181,2052945648
181,2052946696
181,2052947744
181,2052948792
181,2052949840
181,2052950888
181,2052951936
181,2052952984
181,2052954032
181,2052955080
181,2052956128
181,2052957176
181,2052958224
181,2052959272
181,2052960320
181,2052961368
181,2052962416
181,2052963464
181,2052964512
181,2052965560
181,2052966608
181,2052967656
181,2052968704
181,2052969752
181,2052970800
181,2052971848
181,2052972896
181,2052973944
181,2052974992
181,2052976040
181,2052977088
181,2052978136
181,2052979184
181,2052980232
181,2052981280
181,2052982328
181,2052983376
181,2052984424
181,2052985472
181,2052986520
181,2052987568
181,2052988616
181,2052989664
181,2052990712
181,2052991760
181,2052992808
181,2052993856
181,2052994904
181,2052995952
181,2052997000
181,2052998048
181,2052999096
181,2053000144
181,2053001192
181,2053002240
181,2053003288
181,2053004336
181,2053005384
181,2053006432
181,2053007480
181,2053008528
181,2053009576
181,2053010624
181,2053011672
181,2053012720
181,2053013768
181,2053014816
181,2053015864
181,2053016912
181,2053017960
181,2053019008
181,2053020056
181,2053021104
181,2053022152
181,2053023200
181,2053024248
181,2053025296
181,2053026344
181,2053027392
181,2053028440
181,2053029488
181,2053030536
181,2053031584
181,2053032632
181,2053033680
181,2053034728
181,2053035776
181,2053036824
181,2053037872
181,2053038920
181,2053039968
181,2053041016
181,2053042064
181,2053043112
181,2053044160
181,2053045208
181,2053046256
181,2053047304
181,2053048352
181,2053049400
181,2053050448
181,2053051496
181,2053052544
181,2053053592
181,2053054640
181,2053055688
181,2053056736
181,2053057784
181,2053058832
181,2053059880
181,2053060928
181,2053061976
181,2053063024
181,2053064072
181,2053065120
181,2053066168
181,2053067216
181,2053068264
181,2053069312
181,2053070360
181,2053071408
181,2053072456
181,2053073504
181,2053074552
181,2053075600
181,2053076648
181,2053077696
181,2053078744
181,2053079792
181,2053080840
181,2053081888
181,2053082936
181,2053083984
181,2053085032
181,2053086080
181,2053087128
181,2053088176
181,2053089224
181,2053090272
181,2053091320
181,2053092368
181,2053093416
181,2053094464
181,2053095512
181,2053096560
181,2053097608
181,2053098656
181,2053099704
181,2053100752
181,2053101800
181,2053102848
181,2053103896
181,2053104944
181,2053105992
181,2053107040
181,2053108088
181,2053109136
181,2053110184
