156,2053633424
156,2053634472
156,2053635520
156,2052849664
156,2052850712
156,2052851760
156,2052852808
156,2052853856
156,2052854904
156,2052855952
156,2052857000
156,2052858048
156,2052859096
156,2052860144
156,2052861192
156,2052862240
156,2052863288
156,2052864336
156,2052865384
156,2052866432
156,2052867480
156,2052868528
156,2052869576
156,2052870624
156,2052871672
156,2052872720
156,2052873768
156,2052874816
156,2052875864
156,2052876912
156,2052877960
156,2052879008
156,2052880056
156,2052881104
156,2052882152
156,2052883200
156,2052884248
156,2052885296
156,2052886344
156,2052887392
156,2052888440
156,2052889488
156,2052890536
156,2052891584
156,2052892632
156,2052893680
156,2052894728
156,2052895776
156,2052896824
156,2052897872
156,2052898920
156,2052899968
156,2052901016
156,2052902064
156,2052903112
156,2052904160
156,2052905208
156,2052906256
156,2052907304
156,2052908352
156,2052909400
156,2052910448
156,2052911496
156,2052912544
156,2052913592
156,2052914640
156,2052915688
156,2052916736
156,2052917784
156,2052918832
156,2052919880
156,2052920928
156,2052921976
156,2052923024
156,2052924072
156,2052925120
156,2052926168
156,2052927216
156,2052928264
156,2052929312
156,2052930360
156,2052931408
156,2052932456
156,2052933504
156,2052934552
156,2052935600
156,2052936648
156,2052937696
156,2052938744
156,2052939792
156,2052940840
156,2052941888
156,2052942936
156,2052943984
156,2052945032
156,2052946080
156,2052947128
156,2052948176
156,2052949224
156,2052950272
156,2052951320
156,2052952368
156,2052953416
156,2052954464
156,2052955512
156,2052956560
156,2052957608
156,2052958656
156,2052959704
156,2052960752
156,2052961800
156,2052962848
156,2052963896
156,2052964944
156,2052965992
156,2052967040
156,2052968088
156,2052969136
156,2052970184
156,2052971232
156,2052972280
156,2052973328
156,2052974376
156,2052975424
156,2052976472
156,2052977520
156,2052978568
156,2052979616
156,2052980664
156,2052981712
156,2052982760
156,2052983808
156,2052984856
156,2052985904
156,2052986952
156,2052988000
156,2052989048
156,2052990096
156,2052991144
156,2052992192
156,2052993240
156,2052994288
156,2052995336
156,2052996384
156,2052997432
156,2052998480
156,2052999528
156,2053000576
156,2053001624
156,2053002672
156,2053003720
156,2053004768
156,2053005816
156,2053006864
156,2053007912
156,2053008960
156,2053010008
156,2053011056
156,2053012104
156,2053013152
156,2053014200
156,2053015248
156,2053016296
156,2053017344
156,2053018392
156,2053019440
156,2053020488
156,2053021536
156,2053022584
156,2053023632
156,2053024680
156,2053025728
156,2053026776
156,2053027824
156,2053028872
156,2053029920
156,2053030968
156,2053032016
156,2053033064
156,2053034112
156,2053035160
156,2053036208
156,2053037256
156,2053038304
156,2053039352
156,2053040400
156,2053041448
156,2053042496
156,2053043544
156,2053044592
156,2053045640
156,2053046688
156,2053047736
156,2053048784
156,2053049832
156,2053050880
156,2053051928
156,2053052976
156,2053054024
156,2053055072
156,2053056120
156,2053057168
156,2053058216
156,2053059264
156,2053060312
156,2053061360
156,2053062408
156,2053063456
156,2053064504
156,2053065552
156,2053066600
156,2053067648
156,2053068696
156,2053069744
156,2053070792
156,2053071840
156,2053072888
156,2053073936
156,2053074984
156,2053076032
156,2053077080
156,2053078128
156,2053079176
156,2053080224
156,2053081272
156,2053082320
156,2053083368
156,2053084416
156,2053085464
156,2053086512
156,2053087560
156,2053088608
156,2053089656
156,2053090704
156,2053091752
156,2053092800
156,2053093848
156,2053094896
156,2053095944
156,2053096992
156,2053098040
156,2053099088
156,2053100136
156,2053101184
156,2053102232
156,2053103280
156,2053104328
156,2053105376
156,2053106424
156,2053107472
156,2053108520
156,2053109568
156,2053110616
156,2053111664
156,2053112712
156,2053113760
156,2053114808
156,2053115856
156,2053116904
156,2053117952
156,2053119000
156,2053120048
156,2053121096
156,2053122144
156,2053123192
156,2053124240
156,2053125288
156,2053126336
156,2053127384
156,2053128432
156,2053129480
156,2053130528
156,2053131576
156,2053132624
156,2053133672
156,2053134720
156,2053135768
156,2053136816
156,2053137864
156,2053138912
156,2053139960
156,2053141008
156,2053142056
156,2053143104
156,2053144152
156,2053145200
156,2053146248
156,2053147296
156,2053148344
156,2053149392
156,2053150440
156,2053151488
156,2053152536
156,2053153584
156,2053154632
156,2053155680
156,2053156728
156,2053157776
156,2053158824
156,2053159872
156,2053160920
156,2053161968
156,2053163016
156,2053164064
156,2053165112
156,2053166160
156,2053167208
156,2053168256
156,2053169304
156,2053170352
156,2053171400
156,2053172448
156,2053173496
156,2053174544
156,2053175592
156,2053176640
156,2053177688
156,2053178736
156,2053179784
156,2053180832
156,2053181880
156,2053182928
156,2053183976
156,2053185024
156,2053186072
156,2053187120
156,2053188168
156,2053189216
156,2053190264
156,2053191312
156,2053192360
156,2053193408
156,2053194456
156,2053195504
156,2053196552
156,2053197600
156,2053198648
156,2053199696
156,2053200744
156,2053201792
156,2053202840
156,2053203888
156,2053204936
156,2053205984
156,2053207032
156,2053208080
156,2053209128
156,2053210176
156,2053211224
156,2053212272
156,2053213320
156,2053214368
156,2053215416
156,2053216464
156,2053217512
156,2053218560
156,2053219608
156,2053220656
156,2053221704
156,2053222752
156,2053223800
156,2053224848
156,2053225896
156,2053226944
156,2053227992
156,2053229040
156,2053230088
156,2053231136
156,2053232184
156,2053233232
156,2053234280
156,2053235328
156,2053236376
156,2053237424
156,2053238472
156,2053239520
156,2053240568
156,2053241616
156,2053242664
156,2053243712
156,2053244760
156,2053245808
156,2053246856
156,2053247904
156,2053248952
156,2053250000
156,2053251048
156,2053252096
156,2053253144
156,2053254192
156,2053255240
156,2053256288
156,2053257336
156,2053258384
156,2053259432
156,2053260480
156,2053261528
156,2053262576
156,2053263624
156,2053264672
156,2053265720
156,2053266768
156,2053267816
156,2053268864
156,2053269912
156,2053270960
156,2053272008
156,2053273056
156,2053274104
156,2053275152
156,2053276200
156,2053277248
156,2053278296
156,2053279344
156,2053280392
156,2053281440
156,2053282488
156,2053283536
156,2053284584
156,2053285632
156,2053286680
156,2053287728
156,2053288776
156,2053289824
156,2053290872
156,2053291920
156,2053292968
156,2053294016
156,2053295064
156,2053296112
156,2053297160
156,2053298208
156,2053299256
156,2053300304
156,2053301352
156,2053302400
156,2053303448
156,2053304496
156,2053305544
156,2053306592
156,2053307640
156,2053308688
156,2053309736
156,2053310784
156,2053311832
156,2053312880
156,2053313928
156,2053314976
156,2053316024
156,2053317072
156,2053318120
156,2053319168
156,2053320216
156,2053321264
156,2053322312
156,2053323360
156,2053324408
156,2053325456
156,2053326504
156,2053327552
156,2053328600
156,2053329648
156,2053330696
156,2053331744
156,2053332792
156,2053333840
156,2053334888
156,2053335936
156,2053336984
156,2053338032
156,2053339080
156,2053340128
156,2053341176
156,2053342224
156,2053343272
156,2053344320
156,2053345368
156,2053346416
156,2053347464
156,2053348512
156,2053349560
156,2053350608
156,2053351656
156,2053352704
156,2053353752
156,2053354800
156,2053355848
156,2053356896
156,2053357944
156,2053358992
156,2053360040
156,2053361088
156,2053362136
156,2053363184
156,2053364232
156,2053365280
156,2053366328
156,2053367376
156,2053368424
156,2053369472
156,2053370520
156,2053371568
156,2053372616
156,2053373664
156,2053374712
156,2053375760
156,2053376808
156,2053377856
156,2053378904
156,2053379952
156,2053381000
156,2053382048
156,2053383096
156,2053384144
156,2053385192
156,2053386240
156,2053387288
156,2053388336
156,2053389384
156,2053390432
156,2053391480
156,2053392528
156,2053393576
156,2053394624
156,2053395672
156,2053396720
156,2053397768
156,2053398816
156,2053399864
156,2053400912
156,2053401960
156,2053403008
156,2053404056
156,2053405104
156,2053406152
156,2053407200
156,2053408248
156,2053409296
156,2053410344
156,2053411392
156,2053412440
156,2053413488
156,2053414536
156,2053415584
156,2053416632
156,2053417680
156,2053418728
156,2053419776
156,2053420824
156,2053421872
156,2053422920
156,2053423968
156,2053425016
156,2053426064
156,2053427112
156,2053428160
156,2053429208
156,2053430256
156,2053431304
156,2053432352
156,2053433400
156,2053434448
156,2053435496
156,2053436544
156,2053437592
156,2053438640
156,2053439688
156,2053440736
156,2053441784
156,2053442832
156,2053443880
156,2053444928
156,2053445976
156,2053447024
156,2053448072
156,2053449120
156,2053450168
156,2053451216
156,2053452264
156,2053453312
156,2053454360
156,2053455408
156,2053456456
156,2053457504
156,2053458552
156,2053459600
156,2053460648
156,2053461696
156,2053462744
156,2053463792
156,2053464840
156,2053465888
156,2053466936
156,2053467984
156,2053469032
156,2053470080
156,2053471128
156,2053472176
156,2053473224
156,2053474272
156,2053475320
156,2053476368
156,2053477416
156,2053478464
156,2053479512
156,2053480560
156,2053481608
156,2053482656
156,2053483704
156,2053484752
156,2053485800
156,2053486848
156,2053487896
156,2053488944
156,2053489992
156,2053491040
156,2053492088
156,2053493136
156,2053494184
156,2053495232
156,2053496280
156,2053497328
156,2053498376
156,2053499424
156,2053500472
156,2053501520
156,2053502568
156,2053503616
156,2053504664
156,2053505712
156,2053506760
156,2053507808
156,2053508856
156,2053509904
156,2053510952
156,2053512000
156,2053513048
156,2053514096
156,2053515144
156,2053516192
156,2053517240
156,2053518288
156,2053519336
156,2053520384
156,2053521432
156,2053522480
156,2053523528
156,2053524576
156,2053525624
156,2053526672
156,2053527720
156,2053528768
156,2053529816
156,2053530864
156,2053531912
156,2053532960
156,2053534008
156,2053535056
156,2053536104
156,2053537152
156,2053538200
156,2053539248
156,2053540296
156,2053541344
156,2053542392
156,2053543440
156,2053544488
156,2053545536
156,2053546584
156,2053547632
156,2053548680
156,2053549728
156,2053550776
156,2053551824
156,2053552872
156,2053553920
156,2053554968
156,2053556016
156,2053557064
156,2053558112
156,2053559160
156,2053560208
156,2053561256
156,2053562304
156,2053563352
156,2053564400
156,2053565448
156,2053566496
156,2053567544
156,2053568592
156,2053569640
156,2053570688
156,2053571736
156,2053572784
156,2053573832
156,2053574880
156,2053575928
156,2053576976
156,2053578024
156,2053579072
156,2053580120
156,2053581168
156,2053582216
156,2053583264
156,2053584312
156,2053585360
156,2053586408
156,2053587456
156,2053588504
156,2053589552
156,2053590600
156,2053591648
156,2053592696
156,2053593744
156,2053594792
156,2053595840
156,2053596888
156,2053597936
156,2053598984
156,2053600032
156,2053601080
156,2053602128
156,2053603176
156,2053604224
156,2053605272
156,2053606320
156,2053607368
156,2053608416
156,2053609464
156,2053610512
156,2053611560
156,2053612608
156,2053613656
156,2053614704
156,2053615752
156,2053616800
156,2053617848
156,2053618896
156,2053619944
156,2053620992
156,2053622040
156,2053623088
156,2053624136
156,2053625184
156,2053626232
156,2053627280
156,2053628328
156,2053629376
156,2053630424
156,2053631472
156,2053632520
156,2053633568
156,2053634616
156,2053635664
156,2053636712
156,2053637760
156,2053638808
156,2053639856
156,2053640904
156,2053641952
156,2053643000
156,2053644048
156,2053645096
156,2053646144
156,2053647192
156,2053648240
156,2053649288
156,2053650336
156,2053651384
156,2053652432
156,2053653480
156,2053654528
156,2053655576
156,2053656624
156,2053657672
156,2053658720
156,2053659768
156,2053660816
156,2053661864
156,2053662912
156,2053663960
156,2053665008
156,2053666056
156,2053667104
156,2053668152
156,2053669200
156,2053670248
156,2053671296
156,2053672344
156,2053673392
156,2053674440
156,2053675488
156,2053676536
156,2053677584
156,2053678632
156,2053679680
156,2053680728
156,2053681776
156,2053682824
156,2053683872
156,2053684920
156,2053685968
156,2053687016
156,2053688064
156,2053689112
156,2053690160
156,2053691208
156,2053692256
156,2053693304
156,2053694352
156,2053695400
156,2053696448
156,2053697496
156,2053698544
156,2053699592
156,2053700640
156,2053701688
156,2053702736
156,2053703784
156,2053704832
156,2053705880
156,2053706928
156,2053707976
156,2053709024
156,2053710072
156,2053711120
156,2053712168
156,2053713216
156,2053714264
156,2053715312
156,2053716360
156,2053717408
156,2053718456
156,2053719504
156,2053720552
156,2053721600
156,2053722648
156,2053723696
156,2053724744
156,2053725792
156,2053726840
156,2053727888
156,2053728936
156,2053729984
156,2053731032
156,2053732080
156,2053733128
156,2053734176
156,2053735224
156,2053736272
156,2053737320
156,2053738368
156,2053739416
156,2053740464
156,2053741512
156,2053742560
156,2053743608
156,2053744656
156,2053745704
156,2053746752
156,2053747800
156,2053748848
156,2053749896
156,2053750944
156,2053751992
156,2053753040
156,2053754088
156,2053755136
156,2053756184
156,2053757232
156,2053758280
156,2053759328
156,2053760376
156,2053761424
156,2053762472
156,2053763520
156,2053764568
156,2053765616
156,2053766664
156,2053767712
156,2053768760
156,2053769808
156,2053770856
156,2053771904
156,2053772952
156,2053774000
156,2053775048
156,2053776096
156,2053777144
156,2053778192
156,2053779240
156,2053780288
156,2053781336
156,2053782384
156,2053783432
156,2053784480
156,2053785528
156,2053786576
156,2053787624
156,2053788672
156,2053789720
156,2053790768
156,2053791816
156,2053792864
156,2053793912
156,2053794960
156,2053796008
156,2053797056
156,2053798104
156,2053799152
156,2053800200
156,2053801248
156,2053802296
156,2053803344
156,2053804392
156,2053805440
156,2053806488
156,2053807536
156,2053808584
156,2053809632
156,2053810680
156,2053811728
156,2053812776
156,2053813824
156,2053814872
156,2053815920
156,2053816968
156,2053818016
156,2053819064
156,2053820112
156,2053821160
156,2053822208
156,2053823256
156,2053824304
156,2053825352
156,2053826400
156,2053827448
156,2053828496
156,2053829544
156,2053830592
156,2053831640
156,2053832688
156,2053833736
156,2053834784
156,2053835832
156,2053836880
156,2053837928
156,2053838976
156,2053840024
156,2053841072
156,2053842120
156,2053843168
156,2053844216
156,2053845264
156,2053846312
156,2053847360
156,2053848408
156,2053849456
156,2053850504
156,2053851552
156,2053852600
156,2053853648
156,2053854696
156,2053855744
156,2053856792
156,2053857840
156,2053858888
156,2053859936
156,2053860984
156,2053862032
156,2053863080
156,2053864128
156,2053865176
156,2053866224
156,2053867272
156,2053868320
156,2053869368
156,2053870416
156,2053871464
156,2053872512
156,2053873560
156,2053874608
156,2053875656
156,2053876704
156,2053877752
156,2053878800
156,2053879848
156,2053880896
156,2053881944
156,2053882992
156,2053884040
156,2053885088
156,2053886136
156,2053887184
156,2053888232
156,2053889280
156,2053890328
156,2053891376
156,2053892424
156,2053893472
