156,2053372328
156,2053373376
156,2052587520
156,2052588568
156,2052589616
156,2052590664
156,2052591712
156,2052592760
156,2052593808
156,2052594856
156,2052595904
156,2052596952
156,2052598000
156,2052599048
156,2052600096
156,2052601144
156,2052602192
156,2052603240
156,2052604288
156,2052605336
156,2052606384
156,2052607432
156,2052608480
156,2052609528
156,2052610576
156,2052611624
156,2052612672
156,2052613720
156,2052614768
156,2052615816
156,2052616864
156,2052617912
156,2052618960
156,2052620008
156,2052621056
156,2052622104
156,2052623152
156,2052624200
156,2052625248
156,2052626296
156,2052627344
156,2052628392
156,2052629440
156,2052630488
156,2052631536
156,2052632584
156,2052633632
156,2052634680
156,2052635728
156,2052636776
156,2052637824
156,2052638872
156,2052639920
156,2052640968
156,2052642016
156,2052643064
156,2052644112
156,2052645160
156,2052646208
156,2052647256
156,2052648304
156,2052649352
156,2052650400
156,2052651448
156,2052652496
156,2052653544
156,2052654592
156,2052655640
156,2052656688
156,2052657736
156,2052658784
156,2052659832
156,2052660880
156,2052661928
156,2052662976
156,2052664024
156,2052665072
156,2052666120
156,2052667168
156,2052668216
156,2052669264
156,2052670312
156,2052671360
156,2052672408
156,2052673456
156,2052674504
156,2052675552
156,2052676600
156,2052677648
156,2052678696
156,2052679744
156,2052680792
156,2052681840
156,2052682888
156,2052683936
156,2052684984
156,2052686032
156,2052687080
156,2052688128
156,2052689176
156,2052690224
156,2052691272
156,2052692320
156,2052693368
156,2052694416
156,2052695464
156,2052696512
156,2052697560
156,2052698608
156,2052699656
156,2052700704
156,2052701752
156,2052702800
156,2052703848
156,2052704896
156,2052705944
156,2052706992
156,2052708040
156,2052709088
156,2052710136
156,2052711184
156,2052712232
156,2052713280
156,2052714328
156,2052715376
156,2052716424
156,2052717472
156,2052718520
156,2052719568
156,2052720616
156,2052721664
156,2052722712
156,2052723760
156,2052724808
156,2052725856
156,2052726904
156,2052727952
156,2052729000
156,2052730048
156,2052731096
156,2052732144
156,2052733192
156,2052734240
156,2052735288
156,2052736336
156,2052737384
156,2052738432
156,2052739480
156,2052740528
156,2052741576
156,2052742624
156,2052743672
156,2052744720
156,2052745768
156,2052746816
156,2052747864
156,2052748912
156,2052749960
156,2052751008
156,2052752056
156,2052753104
156,2052754152
156,2052755200
156,2052756248
156,2052757296
156,2052758344
156,2052759392
156,2052760440
156,2052761488
156,2052762536
156,2052763584
156,2052764632
156,2052765680
156,2052766728
156,2052767776
156,2052768824
156,2052769872
156,2052770920
156,2052771968
156,2052773016
156,2052774064
156,2052775112
156,2052776160
156,2052777208
156,2052778256
156,2052779304
156,2052780352
156,2052781400
156,2052782448
156,2052783496
156,2052784544
156,2052785592
156,2052786640
156,2052787688
156,2052788736
156,2052789784
156,2052790832
156,2052791880
156,2052792928
156,2052793976
156,2052795024
156,2052796072
156,2052797120
156,2052798168
156,2052799216
156,2052800264
156,2052801312
156,2052802360
156,2052803408
156,2052804456
156,2052805504
156,2052806552
156,2052807600
156,2052808648
156,2052809696
156,2052810744
156,2052811792
156,2052812840
156,2052813888
156,2052814936
156,2052815984
156,2052817032
156,2052818080
156,2052819128
156,2052820176
156,2052821224
156,2052822272
156,2052823320
156,2052824368
156,2052825416
156,2052826464
156,2052827512
156,2052828560
156,2052829608
156,2052830656
156,2052831704
156,2052832752
156,2052833800
156,2052834848
156,2052835896
156,2052836944
156,2052837992
156,2052839040
156,2052840088
156,2052841136
156,2052842184
156,2052843232
156,2052844280
156,2052845328
156,2052846376
156,2052847424
156,2052848472
156,2052849520
156,2052850568
156,2052851616
156,2052852664
156,2052853712
156,2052854760
156,2052855808
156,2052856856
156,2052857904
156,2052858952
156,2052860000
156,2052861048
156,2052862096
156,2052863144
156,2052864192
156,2052865240
156,2052866288
156,2052867336
156,2052868384
156,2052869432
156,2052870480
156,2052871528
156,2052872576
156,2052873624
156,2052874672
156,2052875720
156,2052876768
156,2052877816
156,2052878864
156,2052879912
156,2052880960
156,2052882008
156,2052883056
156,2052884104
156,2052885152
156,2052886200
156,2052887248
156,2052888296
156,2052889344
156,2052890392
156,2052891440
156,2052892488
156,2052893536
156,2052894584
156,2052895632
156,2052896680
156,2052897728
156,2052898776
156,2052899824
156,2052900872
156,2052901920
156,2052902968
156,2052904016
156,2052905064
156,2052906112
156,2052907160
156,2052908208
156,2052909256
156,2052910304
156,2052911352
156,2052912400
156,2052913448
156,2052914496
156,2052915544
156,2052916592
156,2052917640
156,2052918688
156,2052919736
156,2052920784
156,2052921832
156,2052922880
156,2052923928
156,2052924976
156,2052926024
156,2052927072
156,2052928120
156,2052929168
156,2052930216
156,2052931264
156,2052932312
156,2052933360
156,2052934408
156,2052935456
156,2052936504
156,2052937552
156,2052938600
156,2052939648
156,2052940696
156,2052941744
156,2052942792
156,2052943840
156,2052944888
156,2052945936
156,2052946984
156,2052948032
156,2052949080
156,2052950128
156,2052951176
156,2052952224
156,2052953272
156,2052954320
156,2052955368
156,2052956416
156,2052957464
156,2052958512
156,2052959560
156,2052960608
156,2052961656
156,2052962704
156,2052963752
156,2052964800
156,2052965848
156,2052966896
156,2052967944
156,2052968992
156,2052970040
156,2052971088
156,2052972136
156,2052973184
156,2052974232
156,2052975280
156,2052976328
156,2052977376
156,2052978424
156,2052979472
156,2052980520
156,2052981568
156,2052982616
156,2052983664
156,2052984712
156,2052985760
156,2052986808
156,2052987856
156,2052988904
156,2052989952
156,2052991000
156,2052992048
156,2052993096
156,2052994144
156,2052995192
156,2052996240
156,2052997288
156,2052998336
156,2052999384
156,2053000432
156,2053001480
156,2053002528
156,2053003576
156,2053004624
156,2053005672
156,2053006720
156,2053007768
156,2053008816
156,2053009864
156,2053010912
156,2053011960
156,2053013008
156,2053014056
156,2053015104
156,2053016152
156,2053017200
156,2053018248
156,2053019296
156,2053020344
156,2053021392
156,2053022440
156,2053023488
156,2053024536
156,2053025584
156,2053026632
156,2053027680
156,2053028728
156,2053029776
156,2053030824
156,2053031872
156,2053032920
156,2053033968
156,2053035016
156,2053036064
156,2053037112
156,2053038160
156,2053039208
156,2053040256
156,2053041304
156,2053042352
156,2053043400
156,2053044448
156,2053045496
156,2053046544
156,2053047592
156,2053048640
156,2053049688
156,2053050736
156,2053051784
156,2053052832
156,2053053880
156,2053054928
156,2053055976
156,2053057024
156,2053058072
156,2053059120
156,2053060168
156,2053061216
156,2053062264
156,2053063312
156,2053064360
156,2053065408
156,2053066456
156,2053067504
156,2053068552
156,2053069600
156,2053070648
156,2053071696
156,2053072744
156,2053073792
156,2053074840
156,2053075888
156,2053076936
156,2053077984
156,2053079032
156,2053080080
156,2053081128
156,2053082176
156,2053083224
156,2053084272
156,2053085320
156,2053086368
156,2053087416
156,2053088464
156,2053089512
156,2053090560
156,2053091608
156,2053092656
156,2053093704
156,2053094752
156,2053095800
156,2053096848
156,2053097896
156,2053098944
156,2053099992
156,2053101040
156,2053102088
156,2053103136
156,2053104184
156,2053105232
156,2053106280
156,2053107328
156,2053108376
156,2053109424
156,2053110472
156,2053111520
156,2053112568
156,2053113616
156,2053114664
156,2053115712
156,2053116760
156,2053117808
156,2053118856
156,2053119904
156,2053120952
156,2053122000
156,2053123048
156,2053124096
156,2053125144
156,2053126192
156,2053127240
156,2053128288
156,2053129336
156,2053130384
156,2053131432
156,2053132480
156,2053133528
156,2053134576
156,2053135624
156,2053136672
156,2053137720
156,2053138768
156,2053139816
156,2053140864
156,2053141912
156,2053142960
156,2053144008
156,2053145056
156,2053146104
156,2053147152
156,2053148200
156,2053149248
156,2053150296
156,2053151344
156,2053152392
156,2053153440
156,2053154488
156,2053155536
156,2053156584
156,2053157632
156,2053158680
156,2053159728
156,2053160776
156,2053161824
156,2053162872
156,2053163920
156,2053164968
156,2053166016
156,2053167064
156,2053168112
156,2053169160
156,2053170208
156,2053171256
156,2053172304
156,2053173352
156,2053174400
156,2053175448
156,2053176496
156,2053177544
156,2053178592
156,2053179640
156,2053180688
156,2053181736
156,2053182784
156,2053183832
156,2053184880
156,2053185928
156,2053186976
156,2053188024
156,2053189072
156,2053190120
156,2053191168
156,2053192216
156,2053193264
156,2053194312
156,2053195360
156,2053196408
156,2053197456
156,2053198504
156,2053199552
156,2053200600
156,2053201648
156,2053202696
156,2053203744
156,2053204792
156,2053205840
156,2053206888
156,2053207936
156,2053208984
156,2053210032
156,2053211080
156,2053212128
156,2053213176
156,2053214224
156,2053215272
156,2053216320
156,2053217368
156,2053218416
156,2053219464
156,2053220512
156,2053221560
156,2053222608
156,2053223656
156,2053224704
156,2053225752
156,2053226800
156,2053227848
156,2053228896
156,2053229944
156,2053230992
156,2053232040
156,2053233088
156,2053234136
156,2053235184
156,2053236232
156,2053237280
156,2053238328
156,2053239376
156,2053240424
156,2053241472
156,2053242520
156,2053243568
156,2053244616
156,2053245664
156,2053246712
156,2053247760
156,2053248808
156,2053249856
156,2053250904
156,2053251952
156,2053253000
156,2053254048
156,2053255096
156,2053256144
156,2053257192
156,2053258240
156,2053259288
156,2053260336
156,2053261384
156,2053262432
156,2053263480
156,2053264528
156,2053265576
156,2053266624
156,2053267672
156,2053268720
156,2053269768
156,2053270816
156,2053271864
156,2053272912
156,2053273960
156,2053275008
156,2053276056
156,2053277104
156,2053278152
156,2053279200
156,2053280248
156,2053281296
156,2053282344
156,2053283392
156,2053284440
156,2053285488
156,2053286536
156,2053287584
156,2053288632
156,2053289680
156,2053290728
156,2053291776
156,2053292824
156,2053293872
156,2053294920
156,2053295968
156,2053297016
156,2053298064
156,2053299112
156,2053300160
156,2053301208
156,2053302256
156,2053303304
156,2053304352
156,2053305400
156,2053306448
156,2053307496
156,2053308544
156,2053309592
156,2053310640
156,2053311688
156,2053312736
156,2053313784
156,2053314832
156,2053315880
156,2053316928
156,2053317976
156,2053319024
156,2053320072
156,2053321120
156,2053322168
156,2053323216
156,2053324264
156,2053325312
156,2053326360
156,2053327408
156,2053328456
156,2053329504
156,2053330552
156,2053331600
156,2053332648
156,2053333696
156,2053334744
156,2053335792
156,2053336840
156,2053337888
156,2053338936
156,2053339984
156,2053341032
156,2053342080
156,2053343128
156,2053344176
156,2053345224
156,2053346272
156,2053347320
156,2053348368
156,2053349416
156,2053350464
156,2053351512
156,2053352560
156,2053353608
156,2053354656
156,2053355704
156,2053356752
156,2053357800
156,2053358848
156,2053359896
156,2053360944
156,2053361992
156,2053363040
156,2053364088
156,2053365136
156,2053366184
156,2053367232
156,2053368280
156,2053369328
156,2053370376
156,2053371424
156,2053372472
156,2053373520
156,2053374568
156,2053375616
156,2053376664
156,2053377712
156,2053378760
156,2053379808
156,2053380856
156,2053381904
156,2053382952
156,2053384000
156,2053385048
156,2053386096
156,2053387144
156,2053388192
156,2053389240
156,2053390288
156,2053391336
156,2053392384
156,2053393432
156,2053394480
156,2053395528
156,2053396576
156,2053397624
156,2053398672
156,2053399720
156,2053400768
156,2053401816
156,2053402864
156,2053403912
156,2053404960
156,2053406008
156,2053407056
156,2053408104
156,2053409152
156,2053410200
156,2053411248
156,2053412296
156,2053413344
156,2053414392
156,2053415440
156,2053416488
156,2053417536
156,2053418584
156,2053419632
156,2053420680
156,2053421728
156,2053422776
156,2053423824
156,2053424872
156,2053425920
156,2053426968
156,2053428016
156,2053429064
156,2053430112
156,2053431160
156,2053432208
156,2053433256
156,2053434304
156,2053435352
156,2053436400
156,2053437448
156,2053438496
156,2053439544
156,2053440592
156,2053441640
156,2053442688
156,2053443736
156,2053444784
156,2053445832
156,2053446880
156,2053447928
156,2053448976
156,2053450024
156,2053451072
156,2053452120
156,2053453168
156,2053454216
156,2053455264
156,2053456312
156,2053457360
156,2053458408
156,2053459456
156,2053460504
156,2053461552
156,2053462600
156,2053463648
156,2053464696
156,2053465744
156,2053466792
156,2053467840
156,2053468888
156,2053469936
156,2053470984
156,2053472032
156,2053473080
156,2053474128
156,2053475176
156,2053476224
156,2053477272
156,2053478320
156,2053479368
156,2053480416
156,2053481464
156,2053482512
156,2053483560
156,2053484608
156,2053485656
156,2053486704
156,2053487752
156,2053488800
156,2053489848
156,2053490896
156,2053491944
156,2053492992
156,2053494040
156,2053495088
156,2053496136
156,2053497184
156,2053498232
156,2053499280
156,2053500328
156,2053501376
156,2053502424
156,2053503472
156,2053504520
156,2053505568
156,2053506616
156,2053507664
156,2053508712
156,2053509760
156,2053510808
156,2053511856
156,2053512904
156,2053513952
156,2053515000
156,2053516048
156,2053517096
156,2053518144
156,2053519192
156,2053520240
156,2053521288
156,2053522336
156,2053523384
156,2053524432
156,2053525480
156,2053526528
156,2053527576
156,2053528624
156,2053529672
156,2053530720
156,2053531768
156,2053532816
156,2053533864
156,2053534912
156,2053535960
156,2053537008
156,2053538056
156,2053539104
156,2053540152
156,2053541200
156,2053542248
156,2053543296
156,2053544344
156,2053545392
156,2053546440
156,2053547488
156,2053548536
156,2053549584
156,2053550632
156,2053551680
156,2053552728
156,2053553776
156,2053554824
156,2053555872
156,2053556920
156,2053557968
156,2053559016
156,2053560064
156,2053561112
156,2053562160
156,2053563208
156,2053564256
156,2053565304
156,2053566352
156,2053567400
156,2053568448
156,2053569496
156,2053570544
156,2053571592
156,2053572640
156,2053573688
156,2053574736
156,2053575784
156,2053576832
156,2053577880
156,2053578928
156,2053579976
156,2053581024
156,2053582072
156,2053583120
156,2053584168
156,2053585216
156,2053586264
156,2053587312
156,2053588360
156,2053589408
156,2053590456
156,2053591504
156,2053592552
156,2053593600
156,2053594648
156,2053595696
156,2053596744
156,2053597792
156,2053598840
156,2053599888
156,2053600936
156,2053601984
156,2053603032
156,2053604080
156,2053605128
156,2053606176
156,2053607224
156,2053608272
156,2053609320
156,2053610368
156,2053611416
156,2053612464
156,2053613512
156,2053614560
156,2053615608
156,2053616656
156,2053617704
156,2053618752
156,2053619800
156,2053620848
156,2053621896
156,2053622944
156,2053623992
156,2053625040
156,2053626088
156,2053627136
156,2053628184
156,2053629232
156,2053630280
156,2053631328
156,2053632376
