181,2053111232
181,2052325376
181,2052326424
181,2052327472
181,2052328520
181,2052329568
181,2052330616
181,2052331664
181,2052332712
181,2052333760
181,2052334808
181,2052335856
181,2052336904
181,2052337952
181,2052339000
181,2052340048
181,2052341096
181,2052342144
181,2052343192
181,2052344240
181,2052345288
181,2052346336
181,2052347384
181,2052348432
181,2052349480
181,2052350528
181,2052351576
181,2052352624
181,2052353672
181,2052354720
181,2052355768
181,2052356816
181,2052357864
181,2052358912
181,2052359960
181,2052361008
181,2052362056
181,2052363104
181,2052364152
181,2052365200
181,2052366248
181,2052367296
181,2052368344
181,2052369392
181,2052370440
181,2052371488
181,2052372536
181,2052373584
181,2052374632
181,2052375680
181,2052376728
181,2052377776
181,2052378824
181,2052379872
181,2052380920
181,2052381968
181,2052383016
181,2052384064
181,2052385112
181,2052386160
181,2052387208
181,2052388256
181,2052389304
181,2052390352
181,2052391400
181,2052392448
181,2052393496
181,2052394544
181,2052395592
181,2052396640
181,2052397688
181,2052398736
181,2052399784
181,2052400832
181,2052401880
181,2052402928
181,2052403976
181,2052405024
181,2052406072
181,2052407120
181,2052408168
181,2052409216
181,2052410264
181,2052411312
181,2052412360
181,2052413408
181,2052414456
181,2052415504
181,2052416552
181,2052417600
181,2052418648
181,2052419696
181,2052420744
181,2052421792
181,2052422840
181,2052423888
181,2052424936
181,2052425984
181,2052427032
181,2052428080
181,2052429128
181,2052430176
181,2052431224
181,2052432272
181,2052433320
181,2052434368
181,2052435416
181,2052436464
181,2052437512
181,2052438560
181,2052439608
181,2052440656
181,2052441704
181,2052442752
181,2052443800
181,2052444848
181,2052445896
181,2052446944
181,2052447992
181,2052449040
181,2052450088
181,2052451136
181,2052452184
181,2052453232
181,2052454280
181,2052455328
181,2052456376
181,2052457424
181,2052458472
181,2052459520
181,2052460568
181,2052461616
181,2052462664
181,2052463712
181,2052464760
181,2052465808
181,2052466856
181,2052467904
181,2052468952
181,2052470000
181,2052471048
181,2052472096
181,2052473144
181,2052474192
181,2052475240
181,2052476288
181,2052477336
181,2052478384
181,2052479432
181,2052480480
181,2052481528
181,2052482576
181,2052483624
181,2052484672
181,2052485720
181,2052486768
181,2052487816
181,2052488864
181,2052489912
181,2052490960
181,2052492008
181,2052493056
181,2052494104
179,2052495152
179,2052496200
179,2052497248
179,2052498296
179,2052499344
179,2052500392
179,2052501440
179,2052502488
179,2052503536
179,2052504584
179,2052505632
179,2052506680
179,2052507728
179,2052508776
179,2052509824
179,2052510872
179,2052511920
179,2052512968
179,2052514016
179,2052515064
179,2052516112
179,2052517160
179,2052518208
179,2052519256
179,2052520304
179,2052521352
179,2052522400
179,2052523448
179,2052524496
179,2052525544
179,2052526592
179,2052527640
179,2052528688
179,2052529736
179,2052530784
179,2052531832
177,2052532880
177,2052533928
177,2052534976
177,2052536024
177,2052537072
177,2052538120
177,2052539168
177,2052540216
177,2052541264
177,2052542312
177,2052543360
177,2052544408
177,2052545456
177,2052546504
177,2052547552
177,2052548600
177,2052549648
177,2052550696
177,2052551744
177,2052552792
177,2052553840
177,2052554888
177,2052555936
177,2052556984
177,2052558032
177,2052559080
177,2052560128
173,2052561176
173,2052562224
173,2052563272
173,2052564320
173,2052565368
173,2052566416
173,2052567464
173,2052568512
173,2052569560
173,2052570608
173,2052571656
173,2052572704
173,2052573752
173,2052574800
173,2052575848
173,2052576896
173,2052577944
173,2052578992
173,2052580040
173,2052581088
173,2052582136
173,2052583184
173,2052584232
173,2052585280
173,2052586328
173,2052587376
173,2052588424
156,2052589472
156,2052590520
156,2052591568
156,2052592616
156,2052593664
156,2052594712
156,2052595760
156,2052596808
156,2052597856
156,2052598904
156,2052599952
156,2052601000
156,2052602048
156,2052603096
156,2052604144
156,2052605192
156,2052606240
156,2052607288
156,2052608336
156,2052609384
156,2052610432
156,2052611480
156,2052612528
156,2052613576
156,2052614624
156,2052615672
156,2052616720
156,2052617768
156,2052618816
156,2052619864
156,2052620912
156,2052621960
156,2052623008
156,2052624056
156,2052625104
156,2052626152
156,2052627200
156,2052628248
156,2052629296
156,2052630344
156,2052631392
156,2052632440
156,2052633488
156,2052634536
156,2052635584
156,2052636632
156,2052637680
156,2052638728
156,2052639776
156,2052640824
156,2052641872
156,2052642920
156,2052643968
156,2052645016
156,2052646064
156,2052647112
156,2052648160
156,2052649208
156,2052650256
156,2052651304
156,2052652352
156,2052653400
156,2052654448
156,2052655496
156,2052656544
156,2052657592
156,2052658640
156,2052659688
156,2052660736
156,2052661784
156,2052662832
156,2052663880
156,2052664928
156,2052665976
156,2052667024
156,2052668072
156,2052669120
156,2052670168
156,2052671216
156,2052672264
156,2052673312
156,2052674360
156,2052675408
156,2052676456
156,2052677504
156,2052678552
156,2052679600
156,2052680648
156,2052681696
156,2052682744
156,2052683792
156,2052684840
156,2052685888
156,2052686936
156,2052687984
156,2052689032
156,2052690080
156,2052691128
156,2052692176
156,2052693224
156,2052694272
156,2052695320
156,2052696368
156,2052697416
156,2052698464
156,2052699512
156,2052700560
156,2052701608
156,2052702656
156,2052703704
156,2052704752
156,2052705800
156,2052706848
156,2052707896
156,2052708944
156,2052709992
156,2052711040
156,2052712088
156,2052713136
156,2052714184
156,2052715232
156,2052716280
156,2052717328
156,2052718376
156,2052719424
156,2052720472
156,2052721520
156,2052722568
156,2052723616
156,2052724664
156,2052725712
156,2052726760
156,2052727808
156,2052728856
156,2052729904
156,2052730952
156,2052732000
156,2052733048
156,2052734096
156,2052735144
156,2052736192
156,2052737240
156,2052738288
156,2052739336
156,2052740384
156,2052741432
156,2052742480
156,2052743528
156,2052744576
156,2052745624
156,2052746672
156,2052747720
156,2052748768
156,2052749816
156,2052750864
156,2052751912
156,2052752960
156,2052754008
156,2052755056
156,2052756104
156,2052757152
156,2052758200
156,2052759248
156,2052760296
156,2052761344
156,2052762392
156,2052763440
156,2052764488
156,2052765536
156,2052766584
156,2052767632
156,2052768680
156,2052769728
156,2052770776
156,2052771824
156,2052772872
156,2052773920
156,2052774968
156,2052776016
156,2052777064
156,2052778112
156,2052779160
156,2052780208
156,2052781256
156,2052782304
156,2052783352
156,2052784400
156,2052785448
156,2052786496
156,2052787544
156,2052788592
156,2052789640
156,2052790688
156,2052791736
156,2052792784
156,2052793832
156,2052794880
156,2052795928
156,2052796976
156,2052798024
156,2052799072
156,2052800120
156,2052801168
156,2052802216
156,2052803264
156,2052804312
156,2052805360
156,2052806408
156,2052807456
156,2052808504
156,2052809552
156,2052810600
156,2052811648
156,2052812696
156,2052813744
156,2052814792
156,2052815840
156,2052816888
156,2052817936
156,2052818984
156,2052820032
156,2052821080
156,2052822128
156,2052823176
156,2052824224
156,2052825272
156,2052826320
156,2052827368
156,2052828416
156,2052829464
156,2052830512
156,2052831560
156,2052832608
156,2052833656
156,2052834704
156,2052835752
156,2052836800
156,2052837848
156,2052838896
156,2052839944
156,2052840992
156,2052842040
156,2052843088
156,2052844136
156,2052845184
156,2052846232
156,2052847280
156,2052848328
156,2052849376
156,2052850424
156,2052851472
156,2052852520
156,2052853568
156,2052854616
156,2052855664
156,2052856712
156,2052857760
156,2052858808
156,2052859856
156,2052860904
156,2052861952
156,2052863000
156,2052864048
156,2052865096
156,2052866144
156,2052867192
156,2052868240
156,2052869288
156,2052870336
156,2052871384
156,2052872432
156,2052873480
156,2052874528
156,2052875576
156,2052876624
156,2052877672
156,2052878720
156,2052879768
156,2052880816
156,2052881864
156,2052882912
156,2052883960
156,2052885008
156,2052886056
156,2052887104
156,2052888152
156,2052889200
156,2052890248
156,2052891296
156,2052892344
156,2052893392
156,2052894440
156,2052895488
156,2052896536
156,2052897584
156,2052898632
156,2052899680
156,2052900728
156,2052901776
156,2052902824
156,2052903872
156,2052904920
156,2052905968
156,2052907016
156,2052908064
156,2052909112
156,2052910160
156,2052911208
156,2052912256
156,2052913304
156,2052914352
156,2052915400
156,2052916448
156,2052917496
156,2052918544
156,2052919592
156,2052920640
156,2052921688
156,2052922736
156,2052923784
156,2052924832
156,2052925880
156,2052926928
156,2052927976
156,2052929024
156,2052930072
156,2052931120
156,2052932168
156,2052933216
156,2052934264
156,2052935312
156,2052936360
156,2052937408
156,2052938456
156,2052939504
156,2052940552
156,2052941600
156,2052942648
156,2052943696
156,2052944744
156,2052945792
156,2052946840
156,2052947888
156,2052948936
156,2052949984
156,2052951032
156,2052952080
156,2052953128
156,2052954176
156,2052955224
156,2052956272
156,2052957320
156,2052958368
156,2052959416
156,2052960464
156,2052961512
156,2052962560
156,2052963608
156,2052964656
156,2052965704
156,2052966752
156,2052967800
156,2052968848
156,2052969896
156,2052970944
156,2052971992
156,2052973040
156,2052974088
156,2052975136
156,2052976184
156,2052977232
156,2052978280
156,2052979328
156,2052980376
156,2052981424
156,2052982472
156,2052983520
156,2052984568
156,2052985616
156,2052986664
156,2052987712
156,2052988760
156,2052989808
156,2052990856
156,2052991904
156,2052992952
156,2052994000
156,2052995048
156,2052996096
156,2052997144
156,2052998192
156,2052999240
156,2053000288
156,2053001336
156,2053002384
156,2053003432
156,2053004480
156,2053005528
156,2053006576
156,2053007624
156,2053008672
156,2053009720
156,2053010768
156,2053011816
156,2053012864
156,2053013912
156,2053014960
156,2053016008
156,2053017056
156,2053018104
156,2053019152
156,2053020200
156,2053021248
156,2053022296
156,2053023344
156,2053024392
156,2053025440
156,2053026488
156,2053027536
156,2053028584
156,2053029632
156,2053030680
156,2053031728
156,2053032776
156,2053033824
156,2053034872
156,2053035920
156,2053036968
156,2053038016
156,2053039064
156,2053040112
156,2053041160
156,2053042208
156,2053043256
156,2053044304
156,2053045352
156,2053046400
156,2053047448
156,2053048496
156,2053049544
156,2053050592
156,2053051640
156,2053052688
156,2053053736
156,2053054784
156,2053055832
156,2053056880
156,2053057928
156,2053058976
156,2053060024
156,2053061072
156,2053062120
156,2053063168
156,2053064216
156,2053065264
156,2053066312
156,2053067360
156,2053068408
156,2053069456
156,2053070504
156,2053071552
156,2053072600
156,2053073648
156,2053074696
156,2053075744
156,2053076792
156,2053077840
156,2053078888
156,2053079936
156,2053080984
156,2053082032
156,2053083080
156,2053084128
156,2053085176
156,2053086224
156,2053087272
156,2053088320
156,2053089368
156,2053090416
156,2053091464
156,2053092512
156,2053093560
156,2053094608
156,2053095656
156,2053096704
156,2053097752
156,2053098800
156,2053099848
156,2053100896
156,2053101944
156,2053102992
156,2053104040
156,2053105088
156,2053106136
156,2053107184
156,2053108232
156,2053109280
156,2053110328
156,2053111376
156,2053112424
156,2053113472
156,2053114520
156,2053115568
156,2053116616
156,2053117664
156,2053118712
156,2053119760
156,2053120808
156,2053121856
156,2053122904
156,2053123952
156,2053125000
156,2053126048
156,2053127096
156,2053128144
156,2053129192
156,2053130240
156,2053131288
156,2053132336
156,2053133384
156,2053134432
156,2053135480
156,2053136528
156,2053137576
156,2053138624
156,2053139672
156,2053140720
156,2053141768
156,2053142816
156,2053143864
156,2053144912
156,2053145960
156,2053147008
156,2053148056
156,2053149104
156,2053150152
156,2053151200
156,2053152248
156,2053153296
156,2053154344
156,2053155392
156,2053156440
156,2053157488
156,2053158536
156,2053159584
156,2053160632
156,2053161680
156,2053162728
156,2053163776
156,2053164824
156,2053165872
156,2053166920
156,2053167968
156,2053169016
156,2053170064
156,2053171112
156,2053172160
156,2053173208
156,2053174256
156,2053175304
156,2053176352
156,2053177400
156,2053178448
156,2053179496
156,2053180544
156,2053181592
156,2053182640
156,2053183688
156,2053184736
156,2053185784
156,2053186832
156,2053187880
156,2053188928
156,2053189976
156,2053191024
156,2053192072
156,2053193120
156,2053194168
156,2053195216
156,2053196264
156,2053197312
156,2053198360
156,2053199408
156,2053200456
156,2053201504
156,2053202552
156,2053203600
156,2053204648
156,2053205696
156,2053206744
156,2053207792
156,2053208840
156,2053209888
156,2053210936
156,2053211984
156,2053213032
156,2053214080
156,2053215128
156,2053216176
156,2053217224
156,2053218272
156,2053219320
156,2053220368
156,2053221416
156,2053222464
156,2053223512
156,2053224560
156,2053225608
156,2053226656
156,2053227704
156,2053228752
156,2053229800
156,2053230848
156,2053231896
156,2053232944
156,2053233992
156,2053235040
156,2053236088
156,2053237136
156,2053238184
156,2053239232
156,2053240280
156,2053241328
156,2053242376
156,2053243424
156,2053244472
156,2053245520
156,2053246568
156,2053247616
156,2053248664
156,2053249712
156,2053250760
156,2053251808
156,2053252856
156,2053253904
156,2053254952
156,2053256000
156,2053257048
156,2053258096
156,2053259144
156,2053260192
156,2053261240
156,2053262288
156,2053263336
156,2053264384
156,2053265432
156,2053266480
156,2053267528
156,2053268576
156,2053269624
156,2053270672
156,2053271720
156,2053272768
156,2053273816
156,2053274864
156,2053275912
156,2053276960
156,2053278008
156,2053279056
156,2053280104
156,2053281152
156,2053282200
156,2053283248
156,2053284296
156,2053285344
156,2053286392
156,2053287440
156,2053288488
156,2053289536
156,2053290584
156,2053291632
156,2053292680
156,2053293728
156,2053294776
156,2053295824
156,2053296872
156,2053297920
156,2053298968
156,2053300016
156,2053301064
156,2053302112
156,2053303160
156,2053304208
156,2053305256
156,2053306304
156,2053307352
156,2053308400
156,2053309448
156,2053310496
156,2053311544
156,2053312592
156,2053313640
156,2053314688
156,2053315736
156,2053316784
156,2053317832
156,2053318880
156,2053319928
156,2053320976
156,2053322024
156,2053323072
156,2053324120
156,2053325168
156,2053326216
156,2053327264
156,2053328312
156,2053329360
156,2053330408
156,2053331456
156,2053332504
156,2053333552
156,2053334600
156,2053335648
156,2053336696
156,2053337744
156,2053338792
156,2053339840
156,2053340888
156,2053341936
156,2053342984
156,2053344032
156,2053345080
156,2053346128
156,2053347176
156,2053348224
156,2053349272
156,2053350320
156,2053351368
156,2053352416
156,2053353464
156,2053354512
156,2053355560
156,2053356608
156,2053357656
156,2053358704
156,2053359752
156,2053360800
156,2053361848
156,2053362896
156,2053363944
156,2053364992
156,2053366040
156,2053367088
156,2053368136
156,2053369184
156,2053370232
156,2053371280
