181,1928331264
181,1928332312
181,1928333360
181,1928334408
181,1928335456
181,1928336504
181,1928337552
181,1928338600
181,1928339648
181,1928340696
181,1928341744
181,1928342792
181,1928343840
181,1928344888
181,1928345936
181,1928346984
181,1928348032
181,1928349080
181,1928350128
181,1928351176
181,1928352224
181,1928353272
181,1928354320
181,1928355368
181,1928356416
181,1928357464
181,1928358512
181,1928359560
181,1928360608
181,1928361656
181,1928362704
181,1928363752
181,1928364800
181,1928365848
181,1928366896
181,1928367944
181,1928368992
181,1928370040
181,1928371088
181,1928372136
181,1928373184
181,1928374232
181,1928375280
181,1928376328
181,1928377376
181,1928378424
181,1928379472
181,1928380520
181,1928381568
181,1928382616
181,1928383664
181,1928384712
181,1928385760
181,1928386808
181,1928387856
181,1928388904
181,1928389952
181,1928391000
181,1928392048
181,1928393096
181,1928394144
181,1928395192
181,1928396240
181,1928397288
181,1928398336
181,1928399384
181,1928400432
181,1928401480
181,1928402528
181,1928403576
181,1928404624
181,1928405672
181,1928406720
181,1928407768
181,1928408816
181,1928409864
181,1928410912
181,1928411960
181,1928413008
181,1928414056
181,1928415104
181,1928416152
181,1928417200
181,1928418248
181,1928419296
181,1928420344
181,1928421392
181,1928422440
181,1928423488
181,1928424536
181,1928425584
181,1928426632
181,1928427680
181,1928428728
181,1928429776
181,1928430824
181,1928431872
181,1928432920
181,1928433968
181,1928435016
181,1928436064
181,1928437112
181,1928438160
181,1928439208
181,1928440256
181,1928441304
181,1928442352
181,1928443400
181,1928444448
181,1928445496
181,1928446544
181,1928447592
181,1928448640
181,1928449688
181,1928450736
181,1928451784
181,1928452832
181,1928453880
181,1928454928
181,1928455976
181,1928457024
181,1928458072
181,1928459120
181,1928460168
181,1928461216
181,1928462264
181,1928463312
181,1928464360
181,1928465408
181,1928466456
181,1928467504
181,1928468552
181,1928469600
181,1928470648
181,1928471696
181,1928472744
181,1928473792
181,1928474840
181,1928475888
181,1928476936
181,1928477984
181,1928479032
181,1928480080
181,1928481128
181,1928482176
181,1928483224
181,1928484272
181,1928485320
181,1928486368
181,1928487416
181,1928488464
181,1928489512
181,1928490560
181,1928491608
181,1928492656
181,1928493704
181,1928494752
181,1928495800
181,1928496848
181,1928497896
181,1928498944
181,1928499992
181,1928501040
181,1928502088
181,1928503136
181,1928504184
181,1928505232
181,1928506280
181,1928507328
181,1928508376
181,1928509424
181,1928510472
181,1928511520
181,1928512568
181,1928513616
181,1928514664
181,1928515712
181,1928516760
181,1928517808
181,1928518856
181,1928519904
181,1928520952
181,1928522000
181,1928523048
181,1928524096
181,1928525144
181,1928526192
181,1928527240
181,1928528288
181,1928529336
181,1928530384
181,1928531432
181,1928532480
181,1928533528
181,1928534576
181,1928535624
181,1928536672
181,1928537720
181,1928538768
181,1928539816
181,1928540864
181,1928541912
181,1928542960
181,1928544008
181,1928545056
181,1928546104
181,1928547152
181,1928548200
181,1928549248
181,1928550296
181,1928551344
181,1928552392
181,1928553440
181,1928554488
181,1928555536
181,1928556584
181,1928557632
181,1928558680
181,1928559728
181,1928560776
181,1928561824
181,1928562872
181,1928563920
181,1928564968
181,1928566016
181,1928567064
181,1928568112
181,1928569160
181,1928570208
181,1928571256
181,1928572304
181,1928573352
181,1928574400
181,1928575448
181,1928576496
181,1928577544
181,1928578592
181,1928579640
181,1928580688
181,1928581736
181,1928582784
181,1928583832
181,1928584880
181,1928585928
181,1928586976
181,1928588024
181,1928589072
181,1928590120
181,1928591168
181,1928592216
181,1928593264
181,1928594312
181,1928595360
181,1928596408
181,1928597456
181,1928598504
181,1928599552
181,1928600600
181,1928601648
181,1928602696
181,1928603744
181,1928604792
181,1928605840
181,1928606888
181,1928607936
181,1928608984
181,1928610032
181,1928611080
181,1928612128
181,1928613176
181,1928614224
181,1928615272
181,1928616320
181,1928617368
181,1928618416
181,1928619464
181,1928620512
181,1928621560
181,1928622608
181,1928623656
181,1928624704
181,1928625752
181,1928626800
181,1928627848
181,1928628896
181,1928629944
181,1928630992
181,1928632040
181,1928633088
181,1928634136
181,1928635184
181,1928636232
181,1928637280
181,1928638328
181,1928639376
181,1928640424
181,1928641472
181,1928642520
181,1928643568
181,1928644616
181,1928645664
181,1928646712
181,1928647760
181,1928648808
181,1928649856
181,1928650904
181,1928651952
181,1928653000
181,1928654048
181,1928655096
181,1928656144
181,1928657192
181,1928658240
181,1928659288
181,1928660336
181,1928661384
181,1928662432
181,1928663480
181,1928664528
181,1928665576
181,1928666624
181,1928667672
181,1928668720
181,1928669768
181,1928670816
181,1928671864
181,1928672912
181,1928673960
181,1928675008
181,1928676056
181,1928677104
181,1928678152
181,1928679200
181,1928680248
181,1928681296
181,1928682344
181,1928683392
181,1928684440
181,1928685488
181,1928686536
181,1928687584
181,1928688632
181,1928689680
181,1928690728
181,1928691776
181,1928692824
181,1928693872
181,1928694920
181,1928695968
181,1928697016
181,1928698064
181,1928699112
181,1928700160
181,1928701208
181,1928702256
181,1928703304
181,1928704352
181,1928705400
181,1928706448
181,1928707496
181,1928708544
181,1928709592
181,1928710640
181,1928711688
181,1928712736
181,1928713784
181,1928714832
181,1928715880
181,1928716928
181,1928717976
181,1928719024
181,1928720072
181,1928721120
181,1928722168
181,1928723216
181,1928724264
181,1928725312
181,1928726360
181,1928727408
181,1928728456
181,1928729504
181,1928730552
181,1928731600
181,1928732648
181,1928733696
181,1928734744
181,1928735792
181,1928736840
181,1928737888
181,1928738936
181,1928739984
181,1928741032
181,1928742080
181,1928743128
181,1928744176
181,1928745224
181,1928746272
181,1928747320
181,1928748368
181,1928749416
181,1928750464
181,1928751512
181,1928752560
181,1928753608
181,1928754656
181,1928755704
181,1928756752
181,1928757800
181,1928758848
181,1928759896
181,1928760944
181,1928761992
181,1928763040
181,1928764088
181,1928765136
181,1928766184
181,1928767232
181,1928768280
181,1928769328
181,1928770376
181,1928771424
181,1928772472
181,1928773520
181,1928774568
181,1928775616
181,1928776664
181,1928777712
181,1928778760
181,1928779808
181,1928780856
181,1928781904
181,1928782952
181,1928784000
181,1928785048
181,1928786096
181,1928787144
181,1928788192
181,1928789240
181,1928790288
181,1928791336
181,1928792384
181,1928793432
181,1928794480
181,1928795528
181,1928796576
181,1928797624
181,1928798672
181,1928799720
181,1928800768
181,1928801816
181,1928802864
181,1928803912
181,1928804960
181,1928806008
181,1928807056
181,1928808104
181,1928809152
181,1928810200
181,1928811248
181,1928812296
181,1928813344
181,1928814392
181,1928815440
181,1928816488
181,1928817536
181,1928818584
181,1928819632
181,1928820680
181,1928821728
181,1928822776
181,1928823824
181,1928824872
181,1928825920
181,1928826968
181,1928828016
181,1928829064
181,1928830112
181,1928831160
181,1928832208
181,1928833256
181,1928834304
181,1928835352
181,1928836400
181,1928837448
181,1928838496
181,1928839544
181,1928840592
181,1928841640
181,1928842688
181,1928843736
181,1928844784
181,1928845832
181,1928846880
181,1928847928
181,1928848976
181,1928850024
181,1928851072
181,1928852120
181,1928853168
181,1928854216
181,1928855264
181,1928856312
181,1928857360
181,1928858408
181,1928859456
181,1928860504
181,1928861552
181,1928862600
181,1928863648
181,1928864696
181,1928865744
181,1928866792
181,1928867840
181,1928868888
181,1928869936
181,1928870984
181,1928872032
181,1928873080
181,1928874128
181,1928875176
181,1928876224
181,1928877272
181,1928878320
181,1928879368
181,1928880416
181,1928881464
181,1928882512
181,1928883560
181,1928884608
181,1928885656
181,1928886704
181,1928887752
181,1928888800
181,1928889848
181,1928890896
181,1928891944
178,1928892992
178,1928894040
178,1928895088
178,1928896136
178,1928897184
178,1928898232
178,1928899280
178,1928900328
178,1928901376
178,1928902424
178,1928903472
178,1928904520
178,1928905568
178,1928906616
178,1928907664
178,1928908712
178,1928909760
178,1928910808
178,1928911856
178,1928912904
178,1928913952
178,1928915000
178,1928916048
178,1928917096
178,1928918144
178,1928919192
178,1928920240
178,1928921288
178,1928922336
178,1928923384
178,1928924432
178,1928925480
178,1928926528
178,1928927576
178,1928928624
178,1928929672
178,1928930720
178,1928931768
178,1928932816
178,1928933864
178,1928934912
178,1928935960
178,1928937008
178,1928938056
178,1928939104
178,1928940152
178,1928941200
178,1928942248
178,1928943296
178,1928944344
178,1928945392
178,1928946440
178,1928947488
178,1928948536
178,1928949584
178,1928950632
178,1928951680
178,1928952728
178,1928953776
178,1928954824
178,1928955872
178,1928956920
178,1928957968
178,1928959016
178,1928960064
178,1928961112
178,1928962160
178,1928963208
178,1928964256
178,1928965304
178,1928966352
178,1928967400
178,1928968448
178,1928969496
178,1928970544
178,1928971592
178,1928972640
178,1928973688
178,1928974736
178,1928975784
178,1928976832
178,1928977880
178,1928978928
178,1928979976
178,1928981024
178,1928982072
178,1928983120
178,1928984168
178,1928985216
178,1928986264
178,1928987312
178,1928988360
178,1928989408
178,1928990456
178,1928991504
178,1928992552
178,1928993600
178,1928994648
178,1928995696
178,1928996744
178,1928997792
178,1928998840
178,1928999888
178,1929000936
178,1929001984
178,1929003032
178,1929004080
178,1929005128
178,1929006176
178,1929007224
178,1929008272
178,1929009320
178,1929010368
178,1929011416
178,1929012464
178,1929013512
178,1929014560
178,1929015608
178,1929016656
178,1929017704
178,1929018752
178,1929019800
178,1929020848
178,1929021896
178,1929022944
178,1929023992
178,1929025040
178,1929026088
178,1929027136
178,1929028184
178,1929029232
178,1929030280
178,1929031328
178,1929032376
178,1929033424
178,1929034472
178,1929035520
178,1929036568
178,1929037616
178,1929038664
178,1929039712
178,1929040760
178,1929041808
178,1929042856
178,1929043904
178,1929044952
178,1929046000
178,1929047048
178,1929048096
178,1929049144
178,1929050192
178,1929051240
178,1929052288
178,1929053336
178,1929054384
178,1929055432
178,1929056480
178,1929057528
178,1929058576
178,1929059624
178,1929060672
178,1929061720
178,1929062768
178,1929063816
178,1929064864
178,1929065912
178,1929066960
178,1929068008
178,1929069056
178,1929070104
178,1929071152
178,1929072200
178,1929073248
178,1929074296
178,1929075344
178,1929076392
178,1929077440
178,1929078488
178,1929079536
178,1929080584
178,1929081632
178,1929082680
178,1929083728
178,1929084776
178,1929085824
178,1929086872
178,1929087920
178,1929088968
178,1929090016
178,1929091064
178,1929092112
178,1929093160
178,1929094208
178,1929095256
178,1929096304
178,1929097352
178,1929098400
178,1929099448
178,1929100496
178,1929101544
178,1929102592
178,1929103640
178,1929104688
178,1929105736
178,1929106784
178,1929107832
178,1929108880
178,1929109928
178,1929110976
178,1929112024
178,1929113072
178,1929114120
178,1929115168
178,1929116216
178,1929117264
178,1929118312
178,1929119360
178,1929120408
178,1929121456
178,1929122504
178,1929123552
178,1929124600
178,1929125648
178,1929126696
178,1929127744
178,1929128792
178,1929129840
178,1929130888
178,1929131936
178,1929132984
178,1929134032
178,1929135080
178,1929136128
178,1929137176
178,1929138224
178,1929139272
178,1929140320
178,1929141368
178,1929142416
178,1929143464
178,1929144512
178,1929145560
178,1929146608
178,1929147656
178,1929148704
178,1929149752
178,1929150800
178,1929151848
178,1929152896
178,1929153944
178,1929154992
178,1929156040
178,1929157088
178,1929158136
178,1929159184
178,1929160232
178,1929161280
178,1929162328
178,1929163376
178,1929164424
178,1929165472
178,1929166520
178,1929167568
178,1929168616
178,1929169664
178,1929170712
178,1929171760
178,1929172808
178,1929173856
178,1929174904
178,1929175952
178,1929177000
178,1929178048
178,1929179096
178,1929180144
178,1929181192
178,1929182240
178,1929183288
178,1929184336
178,1929185384
178,1929186432
178,1929187480
178,1929188528
178,1929189576
178,1929190624
178,1929191672
178,1929192720
178,1929193768
178,1929194816
178,1929195864
178,1929196912
178,1929197960
178,1929199008
178,1929200056
178,1929201104
178,1929202152
178,1929203200
178,1929204248
178,1929205296
178,1929206344
178,1929207392
178,1929208440
178,1929209488
178,1929210536
178,1929211584
178,1929212632
178,1929213680
178,1929214728
178,1929215776
178,1929216824
178,1929217872
178,1929218920
178,1929219968
178,1929221016
178,1929222064
178,1929223112
178,1929224160
178,1929225208
178,1929226256
178,1929227304
178,1929228352
178,1929229400
178,1929230448
178,1929231496
178,1929232544
178,1929233592
178,1929234640
178,1929235688
178,1929236736
178,1929237784
178,1929238832
178,1929239880
178,1929240928
178,1929241976
178,1929243024
178,1929244072
178,1929245120
178,1929246168
178,1929247216
178,1929248264
178,1929249312
178,1929250360
178,1929251408
178,1929252456
178,1929253504
178,1929254552
178,1929255600
178,1929256648
178,1929257696
178,1929258744
178,1929259792
178,1929260840
178,1929261888
178,1929262936
178,1929263984
178,1929265032
178,1929266080
178,1929267128
178,1929268176
178,1929269224
178,1929270272
178,1929271320
178,1929272368
178,1929273416
178,1929274464
178,1929275512
178,1929276560
178,1929277608
178,1929278656
178,1929279704
178,1929280752
178,1929281800
178,1929282848
178,1929283896
178,1929284944
178,1929285992
178,1929287040
178,1929288088
178,1929289136
178,1929290184
178,1929291232
178,1929292280
178,1929293328
178,1929294376
178,1929295424
178,1929296472
178,1929297520
178,1929298568
178,1929299616
178,1929300664
178,1929301712
178,1929302760
178,1929303808
178,1929304856
178,1929305904
178,1929306952
178,1929308000
178,1929309048
178,1929310096
178,1929311144
178,1929312192
178,1929313240
178,1929314288
178,1929315336
178,1929316384
178,1929317432
178,1929318480
178,1929319528
178,1929320576
178,1929321624
178,1929322672
178,1929323720
178,1929324768
178,1929325816
178,1929326864
178,1929327912
178,1929328960
178,1929330008
178,1929331056
178,1929332104
178,1929333152
178,1929334200
178,1929335248
178,1929336296
178,1929337344
178,1929338392
178,1929339440
178,1929340488
178,1929341536
178,1929342584
178,1929343632
178,1929344680
178,1929345728
178,1929346776
178,1929347824
178,1929348872
178,1929349920
178,1929350968
178,1929352016
178,1929353064
178,1929354112
178,1929355160
178,1929356208
178,1929357256
178,1929358304
178,1929359352
178,1929360400
178,1929361448
178,1929362496
178,1929363544
178,1929364592
178,1929365640
178,1929366688
178,1929367736
178,1929368784
178,1929369832
178,1929370880
178,1929371928
178,1929372976
178,1929374024
178,1929375072
178,1929376120
178,1929377168
178,1929378216
178,1929379264
