182,2054160384
182,2054161432
182,2054162480
182,2054163528
182,2054164576
182,2054165624
182,2054166672
182,2054167720
182,2054168768
182,2054169816
182,2054170864
182,2054171912
182,2054172960
182,2054174008
182,2054175056
182,2054176104
182,2054177152
182,2054178200
182,2054179248
182,2054180296
182,2054181344
182,2054182392
182,2054183440
182,2054184488
182,2054185536
182,2054186584
182,2054187632
182,2054188680
182,2054189728
182,2054190776
182,2054191824
182,2054192872
182,2054193920
182,2054194968
182,2054196016
182,2054197064
182,2054198112
182,2054199160
182,2054200208
182,2054201256
182,2054202304
182,2054203352
182,2054204400
182,2054205448
182,2054206496
182,2054207544
182,2054208592
182,2054209640
182,2054210688
182,2054211736
182,2054212784
182,2054213832
182,2054214880
182,2054215928
182,2054216976
182,2054218024
182,2054219072
182,2054220120
182,2054221168
182,2054222216
182,2054223264
182,2054224312
182,2054225360
182,2054226408
182,2054227456
182,2054228504
182,2054229552
182,2054230600
182,2054231648
182,2054232696
182,2054233744
182,2054234792
182,2054235840
182,2054236888
182,2054237936
182,2054238984
182,2054240032
182,2054241080
182,2054242128
182,2054243176
182,2054244224
182,2054245272
182,2054246320
182,2054247368
182,2054248416
182,2054249464
182,2054250512
182,2054251560
182,2054252608
182,2054253656
182,2054254704
182,2054255752
182,2054256800
182,2054257848
182,2054258896
182,2054259944
182,2054260992
182,2054262040
182,2054263088
182,2054264136
182,2054265184
182,2054266232
182,2054267280
182,2054268328
182,2054269376
182,2054270424
182,2054271472
182,2054272520
182,2054273568
182,2054274616
182,2054275664
182,2054276712
182,2054277760
182,2054278808
182,2054279856
182,2054280904
182,2054281952
182,2054283000
182,2054284048
182,2054285096
182,2054286144
182,2054287192
182,2054288240
182,2054289288
182,2054290336
182,2054291384
182,2054292432
182,2054293480
182,2054294528
182,2054295576
182,2054296624
182,2054297672
182,2054298720
182,2054299768
182,2054300816
182,2054301864
182,2054302912
182,2054303960
182,2054305008
182,2054306056
182,2054307104
182,2054308152
182,2054309200
182,2054310248
182,2054311296
182,2054312344
182,2054313392
182,2054314440
182,2054315488
182,2054316536
182,2054317584
182,2054318632
182,2054319680
182,2054320728
182,2054321776
182,2054322824
182,2054323872
182,2054324920
182,2054325968
182,2054327016
182,2054328064
182,2054329112
182,2054330160
182,2054331208
182,2054332256
182,2054333304
182,2054334352
182,2054335400
182,2054336448
182,2054337496
182,2054338544
182,2054339592
182,2054340640
182,2054341688
182,2054342736
182,2054343784
182,2054344832
182,2054345880
182,2054346928
182,2054347976
182,2054349024
182,2054350072
182,2054351120
182,2054352168
182,2054353216
182,2054354264
182,2054355312
182,2054356360
182,2054357408
182,2054358456
182,2054359504
182,2054360552
182,2054361600
182,2054362648
182,2054363696
182,2054364744
182,2054365792
182,2054366840
182,2054367888
182,2054368936
182,2054369984
182,2054371032
182,2054372080
182,2054373128
182,2054374176
182,2054375224
182,2054376272
182,2054377320
182,2054378368
182,2054379416
182,2054380464
182,2054381512
182,2054382560
182,2054383608
182,2054384656
182,2054385704
182,2054386752
182,2054387800
182,2054388848
182,2054389896
182,2054390944
182,2054391992
182,2054393040
182,2054394088
182,2054395136
182,2054396184
182,2054397232
182,2054398280
182,2054399328
182,2054400376
182,2054401424
182,2054402472
182,2054403520
182,2054404568
182,2054405616
182,2054406664
182,2054407712
182,2054408760
182,2054409808
182,2054410856
182,2054411904
182,2054412952
182,2054414000
182,2054415048
182,2054416096
182,2054417144
182,2054418192
182,2054419240
182,2054420288
182,2054421336
181,2054422384
181,2054423432
181,2054424480
181,2054425528
181,2054426576
181,2054427624
181,2054428672
181,2054429720
181,2054430768
181,2054431816
181,2054432864
181,2054433912
181,2054434960
181,2054436008
181,2054437056
181,2054438104
181,2054439152
181,2054440200
181,2054441248
181,2054442296
181,2054443344
181,2054444392
181,2054445440
181,2054446488
181,2054447536
181,2054448584
181,2054449632
181,2054450680
181,2054451728
181,2054452776
181,2054453824
181,2054454872
181,2054455920
181,2054456968
181,2054458016
181,2054459064
181,2054460112
181,2054461160
181,2054462208
181,2054463256
181,2054464304
181,2054465352
181,2054466400
181,2054467448
181,2054468496
181,2054469544
181,2054470592
181,2054471640
181,2054472688
181,2054473736
181,2054474784
181,2054475832
181,2054476880
181,2054477928
181,2054478976
181,2054480024
181,2054481072
181,2054482120
181,2054483168
181,2054484216
181,2054485264
181,2054486312
181,2054487360
181,2054488408
181,2054489456
181,2054490504
181,2054491552
181,2054492600
181,2054493648
181,2054494696
181,2054495744
181,2054496792
181,2054497840
181,2054498888
181,2054499936
181,2054500984
181,2054502032
181,2054503080
181,2054504128
181,2054505176
181,2054506224
181,2054507272
181,2054508320
181,2054509368
181,2054510416
181,2054511464
181,2054512512
181,2054513560
181,2054514608
181,2054515656
181,2054516704
181,2054517752
181,2054518800
181,2054519848
181,2054520896
181,2054521944
181,2054522992
181,2054524040
181,2054525088
181,2054526136
181,2054527184
181,2054528232
181,2054529280
181,2054530328
181,2054531376
181,2054532424
181,2054533472
181,2054534520
181,2054535568
181,2054536616
181,2054537664
181,2054538712
181,2054539760
181,2054540808
181,2054541856
181,2054542904
181,2054543952
181,2054545000
181,2054546048
181,2054547096
181,2054548144
181,2054549192
181,2054550240
181,2054551288
181,2054552336
181,2054553384
181,2054554432
181,2054555480
181,2054556528
181,2054557576
181,2054558624
181,2054559672
181,2054560720
181,2054561768
181,2054562816
181,2054563864
181,2054564912
181,2054565960
181,2054567008
181,2054568056
181,2054569104
181,2054570152
181,2054571200
181,2054572248
181,2054573296
181,2054574344
181,2054575392
181,2054576440
181,2054577488
181,2054578536
181,2054579584
181,2054580632
181,2054581680
181,2054582728
181,2054583776
181,2054584824
181,2054585872
181,2054586920
181,2054587968
181,2054589016
181,2054590064
181,2054591112
181,2054592160
181,2054593208
181,2054594256
181,2054595304
181,2054596352
181,2054597400
181,2054598448
181,2054599496
181,2054600544
181,2054601592
181,2054602640
181,2054603688
181,2054604736
181,2054605784
181,2054606832
181,2054607880
181,2054608928
181,2054609976
181,2054611024
181,2054612072
181,2054613120
181,2054614168
181,2054615216
181,2054616264
181,2054617312
181,2054618360
181,2054619408
181,2054620456
181,2054621504
181,2054622552
181,2054623600
181,2054624648
181,2054625696
181,2054626744
181,2054627792
181,2054628840
181,2054629888
181,2054630936
181,2054631984
181,2054633032
181,2054634080
181,2054635128
181,2054636176
181,2054637224
181,2054638272
181,2054639320
181,2054640368
181,2054641416
181,2054642464
181,2054643512
181,2054644560
181,2054645608
181,2054646656
181,2054647704
181,2054648752
181,2054649800
181,2054650848
181,2054651896
181,2054652944
181,2054653992
181,2054655040
181,2054656088
181,2054657136
181,2054658184
181,2054659232
181,2054660280
181,2054661328
181,2054662376
181,2054663424
181,2054664472
181,2054665520
181,2054666568
181,2054667616
181,2054668664
181,2054669712
181,2054670760
181,2054671808
181,2054672856
181,2054673904
181,2054674952
181,2054676000
181,2054677048
181,2054678096
181,2054679144
181,2054680192
181,2054681240
181,2054682288
181,2054683336
181,2054684384
181,2054685432
181,2054686480
181,2054687528
181,2054688576
181,2054689624
181,2054690672
181,2054691720
181,2054692768
181,2054693816
181,2054694864
181,2054695912
181,2054696960
181,2054698008
181,2054699056
181,2054700104
181,2054701152
181,2054702200
181,2054703248
181,2054704296
181,2054705344
181,2054706392
181,2054707440
181,2054708488
181,2054709536
181,2054710584
181,2054711632
181,2054712680
181,2054713728
181,2054714776
181,2054715824
181,2054716872
181,2054717920
181,2054718968
181,2054720016
181,2054721064
181,2054722112
181,2054723160
181,2054724208
181,2054725256
181,2054726304
181,2054727352
181,2054728400
181,2054729448
181,2054730496
181,2054731544
181,2054732592
181,2054733640
181,2054734688
181,2054735736
181,2054736784
181,2054737832
181,2054738880
181,2054739928
181,2054740976
181,2054742024
181,2054743072
181,2054744120
181,2054745168
181,2054746216
181,2054747264
181,2054748312
181,2054749360
181,2054750408
181,2054751456
181,2054752504
181,2054753552
181,2054754600
181,2054755648
181,2054756696
181,2054757744
181,2054758792
181,2054759840
181,2054760888
181,2054761936
181,2054762984
181,2054764032
181,2054765080
181,2054766128
181,2054767176
181,2054768224
181,2054769272
181,2054770320
181,2054771368
181,2054772416
181,2054773464
181,2054774512
181,2054775560
181,2054776608
181,2054777656
181,2054778704
181,2054779752
181,2054780800
181,2054781848
181,2054782896
181,2054783944
181,2054784992
181,2054786040
181,2054787088
181,2054788136
181,2054789184
181,2054790232
181,2054791280
181,2054792328
181,2054793376
181,2054794424
181,2054795472
181,2054796520
181,2054797568
181,2054798616
181,2054799664
181,2054800712
181,2054801760
181,2054802808
181,2054803856
181,2054804904
181,2054805952
181,2054807000
181,2054808048
181,2054809096
181,2054810144
181,2054811192
181,2054812240
181,2054813288
181,2054814336
181,2054815384
181,2054816432
181,2054817480
181,2054818528
181,2054819576
181,2054820624
181,2054821672
181,2054822720
181,2054823768
181,2054824816
181,2054825864
181,2054826912
181,2054827960
181,2054829008
181,2054830056
181,2054831104
181,2054832152
181,2054833200
181,2054834248
181,2054835296
181,2054836344
181,2054837392
181,2054838440
181,2054839488
181,2054840536
181,2054841584
181,2054842632
181,2054843680
181,2054844728
181,2054845776
181,2054846824
181,2054847872
181,2054848920
181,2054849968
181,2054851016
181,2054852064
181,2054853112
181,2054854160
181,2054855208
181,2054856256
181,2054857304
181,2054858352
181,2054859400
181,2054860448
181,2054861496
181,2054862544
181,2054863592
181,2054864640
181,2054865688
181,2054866736
181,2054867784
181,2054868832
181,2054869880
181,2054870928
181,2054871976
181,2054873024
181,2054874072
181,2054875120
181,2054876168
181,2054877216
181,2054878264
181,2054879312
181,2054880360
181,2054881408
181,2054882456
181,2054883504
181,2054884552
181,2054885600
181,2054886648
181,2054887696
181,2054888744
181,2054889792
181,2054890840
181,2054891888
181,2054892936
181,2054893984
181,2054895032
181,2054896080
181,2054897128
181,2054898176
181,2054899224
181,2054900272
181,2054901320
181,2054902368
181,2054903416
181,2054904464
181,2054905512
181,2054906560
181,2054907608
181,2054908656
181,2054909704
181,2054910752
181,2054911800
181,2054912848
181,2054913896
181,2054914944
181,2054915992
181,2054917040
181,2054918088
181,2054919136
181,2054920184
181,2054921232
181,2054922280
181,2054923328
181,2054924376
181,2054925424
181,2054926472
181,2054927520
181,2054928568
181,2054929616
181,2054930664
181,2054931712
181,2054932760
181,2054933808
181,2054934856
181,2054935904
181,2054936952
181,2054938000
181,2054939048
181,2054940096
181,2054941144
181,2054942192
181,2054943240
181,2054944288
181,2054945336
181,2054946384
181,2054947432
181,2054948480
181,2054949528
181,2054950576
181,2054951624
181,2054952672
181,2054953720
181,2054954768
181,2054955816
181,2054956864
181,2054957912
181,2054958960
181,2054960008
181,2054961056
181,2054962104
181,2054963152
181,2054964200
181,2054965248
181,2054966296
181,2054967344
181,2054968392
181,2054969440
181,2054970488
181,2054971536
181,2054972584
181,2054973632
181,2054974680
181,2054975728
181,2054976776
181,2054977824
181,2054978872
181,2054979920
181,2054980968
181,2054982016
181,2054983064
168,2054984112
168,2054985160
168,2054986208
168,2054987256
168,2054988304
168,2054989352
168,2054990400
168,2054991448
168,2054992496
168,2054993544
168,2054994592
168,2054995640
168,2054996688
168,2054997736
168,2054998784
168,2054999832
168,2055000880
168,2055001928
168,2055002976
168,2055004024
168,2055005072
168,2055006120
168,2055007168
168,2055008216
168,2055009264
168,2055010312
168,2055011360
168,2055012408
168,2055013456
168,2055014504
168,2055015552
168,2055016600
168,2055017648
168,2055018696
168,2055019744
168,2055020792
168,2055021840
168,2055022888
168,2055023936
168,2055024984
168,2055026032
168,2055027080
168,2055028128
168,2055029176
168,2055030224
168,2055031272
168,2055032320
168,2055033368
168,2055034416
168,2055035464
168,2055036512
168,2055037560
168,2055038608
168,2055039656
168,2055040704
168,2055041752
168,2055042800
168,2055043848
168,2055044896
168,2055045944
168,2055046992
168,2055048040
168,2055049088
168,2055050136
168,2055051184
168,2055052232
168,2055053280
168,2055054328
168,2055055376
168,2055056424
168,2055057472
168,2055058520
168,2055059568
168,2055060616
168,2055061664
168,2055062712
168,2055063760
168,2055064808
168,2055065856
168,2055066904
168,2055067952
168,2055069000
168,2055070048
168,2055071096
168,2055072144
168,2055073192
168,2055074240
168,2055075288
168,2055076336
168,2055077384
168,2055078432
168,2055079480
168,2055080528
168,2055081576
168,2055082624
168,2055083672
168,2055084720
168,2055085768
168,2055086816
168,2055087864
168,2055088912
168,2055089960
168,2055091008
168,2055092056
168,2055093104
168,2055094152
168,2055095200
168,2055096248
168,2055097296
168,2055098344
168,2055099392
168,2055100440
168,2055101488
168,2055102536
168,2055103584
168,2055104632
168,2055105680
168,2055106728
168,2055107776
168,2055108824
168,2055109872
168,2055110920
168,2055111968
168,2055113016
168,2055114064
168,2055115112
168,2055116160
168,2055117208
168,2055118256
168,2055119304
168,2055120352
168,2055121400
168,2055122448
168,2055123496
168,2055124544
168,2055125592
168,2055126640
168,2055127688
168,2055128736
168,2055129784
168,2055130832
168,2055131880
168,2055132928
168,2055133976
168,2055135024
168,2055136072
168,2055137120
168,2055138168
168,2055139216
168,2055140264
168,2055141312
168,2055142360
168,2055143408
168,2055144456
168,2055145504
168,2055146552
168,2055147600
168,2055148648
168,2055149696
168,2055150744
168,2055151792
168,2055152840
168,2055153888
168,2055154936
168,2055155984
168,2055157032
168,2055158080
168,2055159128
168,2055160176
168,2055161224
168,2055162272
168,2055163320
168,2055164368
168,2055165416
168,2055166464
168,2055167512
168,2055168560
168,2055169608
168,2055170656
168,2055171704
168,2055172752
168,2055173800
168,2055174848
168,2055175896
168,2055176944
168,2055177992
168,2055179040
168,2055180088
168,2055181136
168,2055182184
168,2055183232
168,2055184280
168,2055185328
168,2055186376
168,2055187424
168,2055188472
168,2055189520
168,2055190568
168,2055191616
168,2055192664
168,2055193712
168,2055194760
168,2055195808
168,2055196856
168,2055197904
168,2055198952
168,2055200000
168,2055201048
168,2055202096
168,2055203144
168,2055204192
168,2055205240
168,2055206288
168,2055207336
168,2055208384
