256,2000683008
254,2000688250
254,2000693492
250,2000698734
250,2000703976
250,2000709218
250,2000714460
250,2000719702
250,2000724944
250,2000730186
250,2000735428
250,2000740670
250,2000745912
250,2000751154
250,2000756396
250,2000761638
250,2000766880
250,2000772122
250,2000777364
250,2000782606
250,2000787848
250,2000793090
250,2000798332
250,2000803574
250,2000808816
250,2000814058
250,2000819300
250,2000824542
250,2000829784
250,2000835026
250,2000840268
250,2000845510
250,2000850752
250,2000855994
250,2000861236
250,2000866478
250,2000871720
250,2000876962
250,2000882204
250,2000887446
250,2000892688
250,2000897930
250,2000903172
250,2000908414
250,2000913656
250,2000918898
250,2000924140
250,2000929382
250,2000934624
247,2000939866
247,2000945108
247,2000950350
247,2000955592
247,2000960834
247,2000966076
247,2000971318
247,2000976560
247,2000981802
247,2000987044
247,2000992286
247,2000997528
247,2001002770
247,2001008012
247,2001013254
247,2001018496
247,2001023738
247,2001028980
247,2001034222
247,2001039464
247,2001044706
247,2001049948
247,2001055190
247,2001060432
247,2001065674
247,2001070916
247,2001076158
247,2001081400
247,2001086642
247,2001091884
247,2001097126
247,2001102368
247,2001107610
247,2001112852
247,2001118094
247,2001123336
247,2001128578
247,2001133820
247,2001139062
247,2001144304
247,2001149546
247,2001154788
247,2001160030
247,2001165272
247,2001170514
247,2001175756
247,2001180998
247,2001186240
247,2001191482
247,2001196724
247,2001201966
247,2001207296
247,2001212538
247,2001217780
247,2001223022
247,2001228264
247,2001233506
247,2001238748
247,2001243990
247,2001249232
247,2001254474
247,2001259716
247,2001264958
247,2001270200
247,2001275442
247,2001280684
247,2001285926
247,2001291168
247,2001296410
247,2001301652
247,2001306894
247,2001312136
247,2001317378
247,2001322620
247,2001327862
247,2001333104
247,2001338346
247,2001343588
247,2001348830
247,2001354072
247,2001359314
247,2001364556
247,2001369798
247,2001375040
247,2001380282
247,2001385524
247,2001390766
247,2001396008
247,2001401250
247,2001406492
247,2001411734
247,2001416976
247,2001422218
247,2001427460
247,2001432702
247,2001437944
247,2001443186
247,2001448428
247,2001453670
247,2001458912
247,2001464154
247,2001469396
247,2001474638
247,2001479880
247,2001485122
247,2001490364
247,2001495606
247,2001500848
247,2001506090
247,2001511332
247,2001516574
247,2001521816
247,2001527058
247,2001532300
247,2001537542
247,2001542784
247,2001548026
247,2001553268
247,2001558510
247,2001563752
247,2001568994
247,2001574236
247,2001579478
247,2001584720
247,2001589962
247,2001595204
247,2001600446
247,2001605688
247,2001610930
247,2001616172
247,2001621414
247,2001626656
247,2001631898
247,2001637140
247,2001642382
247,2001647624
247,2001652866
247,2001658108
247,2001663350
247,2001668592
247,2001673834
247,2001679076
247,2001684318
247,2001689560
247,2001694802
247,2001700044
247,2001705286
247,2001710528
247,2001715770
247,2001721012
247,2001726254
247,2001731584
247,2001736826
247,2001742068
247,2001747310
247,2001752552
247,2001757794
247,2001763036
247,2001768278
247,2001773520
247,2001778762
247,2001784004
247,2001789246
247,2001794488
247,2001799730
247,2001804972
247,2001810214
247,2001815456
247,2001820698
247,2001825940
247,2001831182
247,2001836424
247,2001841666
247,2001846908
247,2001852150
247,2001857392
247,2001862634
247,2001867876
247,2001873118
247,2001878360
247,2001883602
247,2001888844
247,2001894086
247,2001899328
247,2001904570
247,2001909812
247,2001915054
247,2001920296
247,2001925538
247,2001930780
247,2001936022
247,2001941264
247,2001946506
247,2001951748
247,2001956990
247,2001962232
247,2001967474
247,2001972716
247,2001977958
247,2001983200
247,2001988442
247,2001993684
247,2001998926
247,2002004168
247,2002009410
247,2002014652
247,2002019894
247,2002025136
247,2002030378
247,2002035620
247,2002040862
247,2002046104
247,2002051346
247,2002056588
247,2002061830
247,2002067072
247,2002072314
247,2002077556
247,2002082798
247,2002088040
247,2002093282
247,2002098524
247,2002103766
247,2002109008
247,2002114250
247,2002119492
247,2002124734
247,2002129976
247,2002135218
247,2002140460
247,2002145702
247,2002150944
247,2002156186
247,2002161428
247,2002166670
247,2002171912
247,2002177154
247,2002182396
247,2002187638
247,2002192880
247,2002198122
247,2002203364
247,2002208606
247,2002213848
247,2002219090
247,2002224332
247,2002229574
247,2002234816
247,2002240058
247,2002245300
247,2002250542
247,2002255872
247,2002261114
247,2002266356
247,2002271598
247,2002276840
247,2002282082
247,2002287324
247,2002292566
247,2002297808
247,2002303050
247,2002308292
247,2002313534
247,2002318776
247,2002324018
247,2002329260
247,2002334502
247,2002339744
247,2002344986
247,2002350228
247,2002355470
247,2002360712
247,2002365954
247,2002371196
247,2002376438
247,2002381680
247,2002386922
247,2002392164
247,2002397406
247,2002402648
247,2002407890
247,2002413132
247,2002418374
247,2002423616
247,2002428858
247,2002434100
247,2002439342
247,2002444584
247,2002449826
247,2002455068
247,2002460310
247,2002465552
247,2002470794
247,2002476036
247,2002481278
247,2002486520
247,2002491762
247,2002497004
247,2002502246
247,2002507488
247,2002512730
247,2002517972
247,2002523214
247,2002528456
247,2002533698
247,2002538940
247,2002544182
247,2002549424
247,2002554666
247,2002559908
247,2002565150
247,2002570392
247,2002575634
247,2002580876
247,2002586118
247,2002591360
247,2002596602
247,2002601844
247,2002607086
247,2002612328
247,2002617570
247,2002622812
247,2002628054
247,2002633296
247,2002638538
247,2002643780
247,2002649022
247,2002654264
247,2002659506
247,2002664748
247,2002669990
247,2002675232
247,2002680474
247,2002685716
247,2002690958
247,2002696200
247,2002701442
247,2002706684
247,2002711926
247,2002717168
247,2002722410
247,2002727652
247,2002732894
247,2002738136
247,2002743378
247,2002748620
247,2002753862
247,2002759104
247,2002764346
247,2002769588
247,2002774830
247,2002780160
247,2002785402
247,2002790644
247,2002795886
247,2002801128
247,2002806370
247,2002811612
247,2002816854
247,2002822096
247,2002827338
247,2002832580
247,2002837822
247,2002843064
247,2002848306
247,2002853548
247,2002858790
247,2002864032
247,2002869274
247,2002874516
247,2002879758
247,2002885000
247,2002890242
247,2002895484
247,2002900726
247,2002905968
247,2002911210
247,2002916452
247,2002921694
247,2002926936
247,2002932178
247,2002937420
247,2002942662
247,2002947904
247,2002953146
247,2002958388
247,2002963630
247,2002968872
247,2002974114
247,2002979356
247,2002984598
247,2002989840
247,2002995082
247,2003000324
247,2003005566
247,2003010808
247,2003016050
247,2003021292
247,2003026534
247,2003031776
247,2003037018
247,2003042260
247,2003047502
247,2003052744
247,2003057986
247,2003063228
247,2003068470
247,2003073712
247,2003078954
247,2003084196
247,2003089438
247,2003094680
247,2003099922
247,2003105164
247,2003110406
247,2003115648
247,2003120890
247,2003126132
247,2003131374
247,2003136616
247,2003141858
247,2003147100
247,2003152342
247,2003157584
247,2003162826
247,2003168068
247,2003173310
247,2003178552
247,2003183794
247,2003189036
247,2003194278
247,2003199520
247,2003204762
247,2003210004
247,2003215246
247,2003220488
247,2003225730
247,2003230972
247,2003236214
247,2003241456
247,2003246698
247,2003251940
247,2003257182
247,2003262424
247,2003267666
247,2003272908
247,2003278150
247,2003283392
247,2003288634
247,2003293876
247,2003299118
247,2003304448
247,2003309690
247,2003314932
247,2003320174
247,2003325416
247,2003330658
247,2003335900
247,2003341142
247,2003346384
247,2003351626
247,2003356868
247,2003362110
247,2003367352
247,2003372594
247,2003377836
247,2003383078
247,2003388320
247,2003393562
247,2003398804
247,2003404046
247,2003409288
247,2003414530
247,2003419772
247,2003425014
247,2003430256
247,2003435498
247,2003440740
247,2003445982
247,2003451224
247,2003456466
247,2003461708
247,2003466950
247,2003472192
247,2003477434
247,2003482676
247,2003487918
247,2003493160
247,2003498402
247,2003503644
247,2003508886
247,2003514128
247,2003519370
247,2003524612
247,2003529854
247,2003535096
247,2003540338
247,2003545580
247,2003550822
247,2003556064
247,2003561306
247,2003566548
247,2003571790
247,2003577032
247,2003582274
247,2003587516
247,2003592758
247,2003598000
247,2003603242
247,2003608484
247,2003613726
247,2003618968
247,2003624210
247,2003629452
247,2003634694
247,2003639936
247,2003645178
247,2003650420
247,2003655662
247,2003660904
247,2003666146
247,2003671388
247,2003676630
247,2003681872
247,2003687114
247,2003692356
247,2003697598
247,2003702840
247,2003708082
247,2003713324
247,2003718566
247,2003723808
247,2003729050
247,2003734292
247,2003739534
247,2003744776
247,2003750018
247,2003755260
247,2003760502
247,2003765744
247,2003770986
247,2003776228
247,2003781470
247,2003786712
247,2003791954
247,2003797196
247,2003802438
247,2003807680
247,2003812922
247,2003818164
247,2003823406
247,2003828736
247,2003833978
247,2003839220
247,2003844462
247,2003849704
247,2003854946
247,2003860188
247,2003865430
247,2003870672
247,2003875914
247,2003881156
247,2003886398
247,2003891640
247,2003896882
247,2003902124
247,2003907366
247,2003912608
247,2003917850
247,2003923092
247,2003928334
247,2003933576
247,2003938818
247,2003944060
247,2003949302
247,2003954544
247,2003959786
247,2003965028
247,2003970270
247,2003975512
247,2003980754
247,2003985996
247,2003991238
247,2003996480
247,2004001722
247,2004006964
247,2004012206
247,2004017448
247,2004022690
247,2004027932
247,2004033174
247,2004038416
247,2004043658
247,2004048900
247,2004054142
247,2004059384
247,2004064626
247,2004069868
247,2004075110
247,2004080352
247,2004085594
247,2004090836
247,2004096078
247,2004101320
247,2004106562
247,2004111804
247,2004117046
247,2004122288
247,2004127530
247,2004132772
247,2004138014
247,2004143256
247,2004148498
247,2004153740
247,2004158982
247,2004164224
247,2004169466
247,2004174708
247,2004179950
247,2004185192
247,2004190434
247,2004195676
247,2004200918
247,2004206160
247,2004211402
247,2004216644
247,2004221886
247,2004227128
247,2004232370
247,2004237612
247,2004242854
247,2004248096
247,2004253338
247,2004258580
247,2004263822
247,2004269064
247,2004274306
247,2004279548
247,2004284790
247,2004290032
247,2004295274
247,2004300516
247,2004305758
247,2004311000
247,2004316242
247,2004321484
247,2004326726
247,2004331968
247,2004337210
247,2004342452
247,2004347694
247,2004353024
247,2004358266
247,2004363508
247,2004368750
247,2004373992
247,2004379234
247,2004384476
247,2004389718
247,2004394960
247,2004400202
247,2004405444
247,2004410686
247,2004415928
247,2004421170
247,2004426412
247,2004431654
247,2004436896
247,2004442138
247,2004447380
247,2004452622
247,2004457864
247,2004463106
247,2004468348
247,2004473590
247,2004478832
247,2004484074
247,2004489316
247,2004494558
247,2004499800
247,2004505042
247,2004510284
247,2004515526
247,2004520768
247,2004526010
247,2004531252
247,2004536494
247,2004541736
247,2004546978
247,2004552220
247,2004557462
247,2004562704
247,2004567946
247,2004573188
247,2004578430
247,2004583672
247,2004588914
247,2004594156
247,2004599398
247,2004604640
247,2004609882
247,2004615124
247,2004620366
247,2004625608
247,2004630850
247,2004636092
247,2004641334
247,2004646576
247,2004651818
247,2004657060
247,2004662302
247,2004667544
247,2004672786
247,2004678028
247,2004683270
247,2004688512
247,2004693754
247,2004698996
247,2004704238
247,2004709480
247,2004714722
247,2004719964
247,2004725206
247,2004730448
247,2004735690
247,2004740932
247,2004746174
247,2004751416
247,2004756658
247,2004761900
247,2004767142
247,2004772384
247,2004777626
247,2004782868
247,2004788110
247,2004793352
247,2004798594
247,2004803836
247,2004809078
247,2004814320
247,2004819562
247,2004824804
247,2004830046
247,2004835288
247,2004840530
247,2004845772
247,2004851014
247,2004856256
247,2004861498
247,2004866740
247,2004871982
